% Signal from Computer Exercise
#50

0.0	 	24.5
1.0	 	-0.5025066646712876
2.0	 	-0.5049737977433019
3.0	 	-0.5073624910536931
4.0	 	-0.5096350734820335
5.0	 	-0.51175570504585
6.0	 	-0.513690942118579
7.0	 	-0.5154102648555077
8.0	 	-0.516886558510046
9.0	 	-0.5180965410493173
10.0	 	-0.5190211303259068
11.0	 	-0.5196457450145959
12.0	 	-0.5199605345686016
13.0	 	-0.5199605345685819
14.0	 	-0.5196457450145742
15.0	 	-0.5190211303259048
16.0	 	-0.5180965410493268
17.0	 	-0.5168865585100737
18.0	 	-0.515410264855543
19.0	 	-0.5136909421185708
20.0	 	-0.5117557050458307
21.0	 	-0.5096350734820243
22.0	 	-0.5073624910536809
23.0	 	-0.5049737977433434
24.0	 	-0.502506664671278
25.0	 	-0.5
26.0	 	-0.49749333532871093
27.0	 	-0.49502620225667715
28.0	 	-0.49263750894632746
29.0	 	-0.4903649265180461
30.0	 	-0.488244294954192
31.0	 	-0.4863090578814536
32.0	 	-0.48458973514443104
33.0	 	-0.48311344148986174
34.0	 	-0.4819034589506282
35.0	 	-0.4809788696741238
36.0	 	-0.4803542549854315
37.0	 	-0.4800394654313488
38.0	 	-0.4800394654313654
39.0	 	-0.48035425498534096
40.0	 	-0.4809788696740825
41.0	 	-0.48190345895060904
42.0	 	-0.4831134414898932
43.0	 	-0.4845897351445459
44.0	 	-0.4863090578814092
45.0	 	-0.4882442949540169
46.0	 	-0.4903649265179685
47.0	 	-0.4926375089463271
48.0	 	-0.49502620225667643
49.0	 	-0.49749333532862383

