% Signal from Computer Exercise
#50

0.0	 	24.5
1.0	 	-0.5096350734820371
2.0	 	-0.5168865585100458
3.0	 	-0.5199605345685653
4.0	 	-0.5180965410493191
5.0	 	-0.51175570504585
6.0	 	-0.5025066646712909
7.0	 	-0.4926375089462983
8.0	 	-0.48458973514449016
9.0	 	-0.48035425498542317
10.0	 	-0.4809788696741006
11.0	 	-0.48630905788144846
12.0	 	-0.4950262022567391
13.0	 	-0.5049737977433136
14.0	 	-0.5136909421185744
15.0	 	-0.5190211303259048
16.0	 	-0.5196457450145803
17.0	 	-0.5154102648555491
18.0	 	-0.5073624910537208
19.0	 	-0.49749333532871093
20.0	 	-0.48824429495413174
21.0	 	-0.48190345895066955
22.0	 	-0.48003946543142184
23.0	 	-0.48311344149000607
24.0	 	-0.4903649265179576
25.0	 	-0.5
26.0	 	-0.5096350734820313
27.0	 	-0.5168865585100145
28.0	 	-0.5199605345685864
29.0	 	-0.5180965410494006
30.0	 	-0.511755705045891
31.0	 	-0.5025066646713134
32.0	 	-0.4926375089462532
33.0	 	-0.48458973514438636
34.0	 	-0.4803542549853748
35.0	 	-0.4809788696741238
36.0	 	-0.48630905788143153
37.0	 	-0.49502620225661725
38.0	 	-0.5049737977432279
39.0	 	-0.5136909421184884
40.0	 	-0.5190211303258887
41.0	 	-0.5196457450145031
42.0	 	-0.515410264855449
43.0	 	-0.5073624910537555
44.0	 	-0.49749333532869716
45.0	 	-0.4882442949540169
46.0	 	-0.4819034589506824
47.0	 	-0.48003946543145576
48.0	 	-0.48311344148993357
49.0	 	-0.49036492651787655

