% Signal from Computer Exercise
#50

0.0	 	24.5
1.0	 	-0.516886558510042
2.0	 	-0.5180965410493253
3.0	 	-0.5025066646712866
4.0	 	-0.48458973514448317
5.0	 	-0.48097886967409753
6.0	 	-0.4950262022567077
7.0	 	-0.5136909421185656
8.0	 	-0.5196457450145795
9.0	 	-0.5073624910536905
10.0	 	-0.4882442949541544
11.0	 	-0.48003946543145676
12.0	 	-0.49036492651800173
13.0	 	-0.5096350734820508
14.0	 	-0.5199605345685658
15.0	 	-0.5117557050458512
16.0	 	-0.4926375089463129
17.0	 	-0.48035425498545964
18.0	 	-0.4863090578814534
19.0	 	-0.504973797743294
20.0	 	-0.5190211303258842
21.0	 	-0.5154102648555058
22.0	 	-0.49749333532870127
23.0	 	-0.48190345895072595
24.0	 	-0.4831134414899516
25.0	 	-0.5
26.0	 	-0.5168865585100373
27.0	 	-0.5180965410492947
28.0	 	-0.5025066646713071
29.0	 	-0.4845897351445645
30.0	 	-0.4809788696741384
31.0	 	-0.4950262022567302
32.0	 	-0.5136909421185206
33.0	 	-0.5196457450144759
34.0	 	-0.5073624910536421
35.0	 	-0.4882442949541775
36.0	 	-0.4800394654314398
37.0	 	-0.49036492651788005
38.0	 	-0.509635073481965
39.0	 	-0.5199605345684801
40.0	 	-0.5117557050458351
41.0	 	-0.49263750894623587
42.0	 	-0.4803542549853597
43.0	 	-0.48630905788148804
44.0	 	-0.5049737977432801
45.0	 	-0.5190211303257692
46.0	 	-0.5154102648555186
47.0	 	-0.4974933353287348
48.0	 	-0.48190345895065406
49.0	 	-0.48311344148987045

