% Signal from Computer Exercise
#50

0.0	 	24.5
1.0	 	-0.5000000000000009
2.0	 	-0.5000000000000059
3.0	 	-0.4999999999999999
4.0	 	-0.499999999999999
5.0	 	-0.5000000000000004
6.0	 	-0.5000000000000049
7.0	 	-0.49999999999999184
8.0	 	-0.5000000000000057
9.0	 	-0.49999999999999695
10.0	 	-0.5000000000000037
11.0	 	-0.5000000000000222
12.0	 	-0.5000000000000361
13.0	 	-0.5000000000000165
14.0	 	-0.5000000000000004
15.0	 	-0.5000000000000017
16.0	 	-0.5000000000000064
17.0	 	-0.5000000000000334
18.0	 	-0.5000000000000272
19.0	 	-0.499999999999997
20.0	 	-0.4999999999999811
21.0	 	-0.4999999999999899
22.0	 	-0.4999999999999873
23.0	 	-0.5000000000000463
24.0	 	-0.4999999999999919
25.0	 	-0.5
26.0	 	-0.499999999999997
27.0	 	-0.49999999999997424
28.0	 	-0.500000000000021
29.0	 	-0.5000000000000803
30.0	 	-0.5000000000000415
31.0	 	-0.5000000000000273
32.0	 	-0.4999999999999469
33.0	 	-0.4999999999999022
34.0	 	-0.49999999999994854
35.0	 	-0.5000000000000269
36.0	 	-0.5000000000000052
37.0	 	-0.49999999999991424
38.0	 	-0.4999999999999308
39.0	 	-0.49999999999991473
40.0	 	-0.49999999999998557
41.0	 	-0.4999999999999294
42.0	 	-0.4999999999999335
43.0	 	-0.5000000000000617
44.0	 	-0.49999999999998296
45.0	 	-0.49999999999986616
46.0	 	-0.5000000000000027
47.0	 	-0.5000000000000214
48.0	 	-0.4999999999999736
49.0	 	-0.49999999999991046

