% Complex Signal
#50

1.0	 	0.0
0.5358267949789965	 	-0.8443279255020151
-0.4257792915650727	 	-0.9048270524660195
-0.9921147013144778	 	-0.12533323356430454
-0.6374239897486895	 	0.7705132427757894
0.30901699437494723	 	0.9510565162951536
0.968583161128631	 	0.24868988716485535
0.7289686274214116	 	-0.6845471059286886
-0.18738131458572502	 	-0.9822872507286886
-0.9297764858882515	 	-0.368124552684678
-0.8090169943749477	 	0.5877852522924728
0.0627905195293126	 	0.9980267284282716
0.876306680043863	 	0.4817536741017163
0.8763066800438635	 	-0.48175367410171543
0.06279051952931357	 	-0.9980267284282716
-0.809016994374946	 	-0.587785252292475
-0.9297764858882511	 	0.3681245526846787
-0.1873813145857225	 	0.982287250728689
0.7289686274214116	 	0.6845471059286887
0.9685831611286316	 	-0.24868988716485269
0.3090169943749482	 	-0.9510565162951533
-0.6374239897486902	 	-0.7705132427757888
-0.992114701314478	 	0.12533323356430268
-0.42577929156507605	 	0.9048270524660179
0.5358267949789947	 	0.8443279255020163
1.0	 	9.797174393178826E-16
0.5358267949789963	 	-0.8443279255020153
-0.42577929156507105	 	-0.9048270524660202
-0.9921147013144778	 	-0.12533323356430462
-0.637423989748689	 	0.7705132427757898
0.3090169943749429	 	0.951056516295155
0.9685831611286303	 	0.24868988716485804
0.7289686274214104	 	-0.6845471059286898
-0.18738131458572754	 	-0.9822872507286882
-0.929776485888253	 	-0.3681245526846739
-0.8090169943749482	 	0.587785252292472
0.06279051952931339	 	0.9980267284282716
0.8763066800438643	 	0.48175367410171405
0.8763066800438657	 	-0.4817536741017115
0.06279051952931632	 	-0.9980267284282713
-0.8090169943749466	 	-0.5877852522924744
-0.9297764858882541	 	0.3681245526846712
-0.18738131458572346	 	0.9822872507286889
0.7289686274214084	 	0.684547105928692
0.9685831611286319	 	-0.24868988716485174
0.3090169943749491	 	-0.951056516295153
-0.637423989748684	 	-0.770513242775794
-0.9921147013144777	 	0.12533323356430523
-0.42577929156507693	 	0.9048270524660176
0.5358267949789938	 	0.8443279255020169

