% Complex Signal
#500

1126.4000000000008	 	0.0
107.6487018729902	 	-382.58731828826296
30.310933569023728	 	-201.79266353112183
14.99197349019293	 	-135.66390601165435
9.861219651971696	 	-101.96431414979028
7.073619855128957	 	-81.94635538993062
5.553613200282537	 	-68.38468770736732
4.969920700926622	 	-58.36525118003581
4.456159537474308	 	-51.36255556534824
3.865242418059622	 	-45.69418449096987
3.8657251615062833	 	-40.85266627277527
3.333133871613178	 	-37.42454119187339
3.3406561005390825	 	-34.22637414255872
3.476747516255583	 	-31.5129504527802
3.14682563909151	 	-29.376780366126297
2.9402448501937193	 	-27.64693817230459
3.0592936446498626	 	-25.832420990235043
3.3384386206122696	 	-24.53241130733004
3.5077440413900223	 	-23.19428628470998
3.319983973393965	 	-21.953499920205342
3.7654933344598716	 	-20.970249162257478
3.9173932528276	 	-19.43922471134282
3.9595651891385426	 	-18.26423264515381
3.649417209909988	 	-17.359307161922256
2.9800923637423438	 	-15.848280328678795
2.100479092919577	 	-15.48509286249139
1.6394044013741589	 	-15.536156859963146
2.7104741621497856	 	-15.532270358769523
2.523450919860952	 	-14.888598406704237
2.7818696705239097	 	-13.187650906981323
2.0116731233018377	 	-12.555982218989143
2.1516632660672936	 	-13.030307879529747
3.4835833562547274	 	-12.653720635069158
3.1389752541252376	 	-11.033600414967438
2.2147536098687577	 	-11.926793741246433
3.4067185430805895	 	-11.69896550216578
2.2255851979919785	 	-10.648996169086159
2.6147404882541245	 	-11.407779106055704
2.4055323310408223	 	-11.185476710130377
1.935643376124593	 	-9.83975347420823
2.2493130359040143	 	-10.474862239749395
2.949209236781023	 	-9.412212725033623
2.948062131010838	 	-9.956930713987566
3.813336611124444	 	-9.612567280863445
2.6457845611799344	 	-8.995762414359115
2.944902001083424	 	-9.176451453292849
2.5408701411267867	 	-8.682724797384434
3.3579112261239574	 	-7.528820982283777
3.092284658127086	 	-8.832882210968538
2.612611857744879	 	-7.681244355947517
2.2454915028127465	 	-8.097082848285154
2.6367805231109216	 	-6.7282045810534346
2.8518710788972705	 	-7.388855132677233
3.2356219718932384	 	-7.888802587274239
2.7556945866728757	 	-8.027370735778137
1.947291719671292	 	-6.618134402551873
3.45975838150571	 	-6.522828624491969
3.1577273649938125	 	-6.847103967180304
1.6499469455865288	 	-6.661395064334842
2.4716783631538526	 	-6.009176713884684
3.0522645056161686	 	-6.090677074720694
2.1078111378991102	 	-6.323399915508487
2.2256968411728093	 	-6.471749227019664
3.502327033808481	 	-6.180262211222204
2.37374226077827	 	-6.76514077084263
1.9137449108862081	 	-5.8758797722506255
3.248123495132773	 	-6.153394692283514
2.407667585483187	 	-6.308924824363332
2.541662346165066	 	-4.7176008484391385
2.7024196894290835	 	-5.802280500715174
1.819825846355152	 	-5.644052674989504
3.3412773159735942	 	-4.7930766398202485
3.1158941007533314	 	-5.9852957481971885
2.5122956259664413	 	-4.192733704987144
2.831127979573209	 	-4.481627920887707
2.1339841996458078	 	-4.92399007248453
3.206692263807996	 	-4.938939004509203
2.1306777777929953	 	-5.3356851609057205
3.4899752827869817	 	-4.31778714032737
2.9271235700470433	 	-4.783552857345704
4.0580350047797715	 	-3.720963992947497
2.249642730242356	 	-4.085592674761842
3.419769905257105	 	-5.010758631835419
1.789279757711612	 	-4.299809199233246
2.7753080017887477	 	-5.020892936129611
2.170229942338924	 	-3.158076502612966
2.4910539116383035	 	-4.492537172043027
3.42727881194134	 	-3.9267704529871823
2.302920891846728	 	-4.438455669409816
3.5913763786657116	 	-4.524761023908882
2.233939736883403	 	-3.5531016229196175
2.1257892816485455	 	-4.622920266222303
2.3360264704121696	 	-4.351268065434315
2.6820558111376327	 	-2.8990680329085894
1.9145810829532084	 	-3.0187628011609124
3.197690500476706	 	-4.2580896658279235
3.5971693304478802	 	-3.4510062361075313
3.2914109670791416	 	-2.291956062098839
2.6046517657153694	 	-3.177068488556423
2.9041458782280807	 	-3.6858460744637314
3.080901699437413	 	-4.0426157810414916
3.397502859845253	 	-4.073376869420475
3.756551092065211	 	-3.8683758319160946
3.2863076775617808	 	-2.9095642327249025
3.2765322781925157	 	-2.899599000827625
2.830748888608579	 	-3.5279727263228997
3.114941139153557	 	-3.200680773341932
2.3613804536188217	 	-3.9895593370656037
2.7967127927172415	 	-3.3005693614486646
3.083974552463757	 	-3.412897373720046
2.2214264395802372	 	-3.0554655230479355
2.8674629614893545	 	-2.8669864773430347
2.608104691661182	 	-3.4876948622470985
2.6272493841904474	 	-2.7149561763320023
3.017260433578516	 	-2.3750327281572186
2.4027339274198454	 	-3.145482395731055
2.8550879345518294	 	-2.8059768314522238
3.0127029808174113	 	-3.0192401461842424
2.8570694147649673	 	-3.009420141011516
2.892853387908222	 	-1.9944525952462178
3.02458123457311	 	-2.8952246644784614
3.311223159902093	 	-2.2758802007793717
3.011498832467371	 	-2.00432111132144
3.434913281901585	 	-2.295081510035831
3.639874908140552	 	-1.6708778154596788
7.800000000000448	 	-7.79999999999983
1.9669343196019795	 	-4.165835143063103
1.5075882119658628	 	-3.3072678299851086
1.9784202090079384	 	-2.7929573594715866
2.132953364402764	 	-2.8261343222267583
2.4340770531463205	 	-2.8362275586226007
2.0442072438741166	 	-2.967023122129291
3.301261750352202	 	-2.7187995144314527
2.259091281499153	 	-2.805513133076327
1.9613650634325857	 	-2.7041718016561767
2.5478876167731888	 	-2.0537567762414652
2.7528917726613806	 	-2.633059725409681
1.7307625394007784	 	-2.368252928439471
2.699649788105225	 	-2.136536994985562
2.467865085188386	 	-1.9765589639268195
2.775189506286992	 	-2.600357262219846
2.218196121948408	 	-2.4938494849097146
2.747507934449512	 	-1.9483540504414814
2.6523667035950806	 	-2.2247433791577382
2.613142011832357	 	-2.245134203429605
1.6471938066319696	 	-2.3317781617368833
2.3369793486938204	 	-2.0494776472581204
2.3024899312744975	 	-1.8066291206587337
2.820989079901745	 	-2.4630405708805427
2.7821038328681555	 	-2.9429928915048453
2.8045084971877174	 	-1.8302320475848042
2.8644407193763075	 	-1.5271874036436652
2.1936921664388773	 	-1.1717181650116233
2.1706410676637797	 	-2.356689302561067
2.2631564138056404	 	-2.8070189180782537
3.076456784719892	 	-1.467640253273585
2.717263855928487	 	-1.297164659043537
2.132138016728217	 	-1.6585107732137212
3.15639516168258	 	-2.3903886670327257
2.8803690239614395	 	-1.536629554515956
1.7605533684661454	 	-1.745841900877296
2.6642223839565364	 	-2.172862036558219
2.653196684446553	 	-0.944400631873287
1.869178635294534	 	-1.7681092753099283
3.3158082707150207	 	-1.4464620499714487
2.4929753095419462	 	-1.4064770918084242
2.478411237004237	 	-1.9282846647237177
2.1090910315905687	 	-0.8313355561685816
2.28313591978313	 	-1.8828269224095566
2.9130678759692312	 	-0.5741965573623693
2.1331948303323465	 	-2.41516085058472
2.4788527589610134	 	-0.9178642956477363
2.5627206241231084	 	-2.0162315063145124
2.9344951415725866	 	-0.9805956821636659
2.8666588476015002	 	-1.5410197010839881
2.6042124014798365	 	-0.4855294217642592
3.1632211010668145	 	-1.8750410771665327
1.9611414904641125	 	-1.096270726117371
3.2089030338418363	 	-1.6134879971046616
2.95539473479099	 	-2.2071206250494813
2.9611430134410424	 	-0.8337464766278238
2.447319374540019	 	-1.9317631706585872
1.8746795172126012	 	-1.2508219378032537
3.0874539926296993	 	-1.492761656765289
2.5122672115328726	 	-1.7316695044073058
2.4439707650548534	 	-0.6416130879597539
2.342018465601763	 	-1.185452123456118
2.536852830975209	 	-1.6569699227232684
2.380131828443401	 	-0.5091761799249335
3.156277820164927	 	-0.3838459720324052
2.3194671889714726	 	-1.601877292016777
2.3774782905309353	 	-1.0238620471904496
2.778790346299835	 	-0.41561301139178225
2.7408083375699834	 	-1.7607430244626763
2.3267452903857277	 	-1.6661693318185384
2.107766225794712	 	-0.47742625958975965
2.3776576213300356	 	-0.8969618456370642
3.2244809492850335	 	-1.4484959062511815
1.9202274104054793	 	-1.0100749482791758
2.3768368043723185	 	-0.3088057084348139
2.969098300563565	 	-0.2641167296337489
2.933761759669307	 	-1.4937503756308015
2.816895169794112	 	-1.7863635713942503
2.187316064532796	 	-1.1888929491827411
1.6773375933730097	 	-0.8792127932622762
2.4419994297676797	 	-0.4207908432024882
2.9397638583200734	 	-0.7440320967485705
2.8627016093334605	 	-1.2506863187218267
2.476423434371476	 	-1.1716309473601925
2.269775900903441	 	-1.102092346354652
2.0729669646196838	 	-0.3750552239520707
1.8891598952976314	 	-0.45394815196862454
2.8198283220001854	 	-0.08686857067902282
2.9809720547989262	 	0.009322175819314299
3.103750788655177	 	-0.6970714950422321
2.4237722563835193	 	-1.3419372222497206
2.2382533929101256	 	-0.7570251158604434
2.3259624941059043	 	-0.9723894930617869
2.3099911923345244	 	-0.20152676704642508
1.9497165458564079	 	-0.7115762651745268
2.2723068930601165	 	-0.2716519394689288
2.0790171612608437	 	-0.4195400105274388
2.5620411465444426	 	0.354032932053457
2.6343316954504035	 	-0.526073389378828
2.4045937611231354	 	0.34992091609846304
2.861324305955491	 	-0.12442663176046087
2.459773110624894	 	-0.3708623618941521
3.033573111157555	 	-0.5017311274176122
2.5866540938263296	 	-0.353749920405338
2.7219409469709035	 	-0.8071548847762767
2.637703655299088	 	-0.6854718375892058
2.3453756926238607	 	-0.5773444018620705
2.8396343423358594	 	-0.11811888939036626
2.5702619995126907	 	0.01650213119940734
2.3900070078243845	 	-0.7663298676650294
2.52165390082612	 	-0.2597847840569661
2.974390405963423	 	0.41923415865851654
2.6170397241325394	 	-0.6036809943736386
2.5520282986787537	 	-0.1971334734859996
2.6338605773816512	 	-0.5117925520765272
2.3311201034152296	 	-0.29225880727090425
2.3968143911195723	 	0.047286820545898244
2.59945466639011	 	0.02567207062307461
2.663637554151666	 	0.1150438981102426
2.6146596806171454	 	-0.5242723894679853
2.468398765614762	 	0.017239595127452906
2.5982192826940693	 	-0.2805726602463411
2.2634322157525766	 	0.24723437920766916
2.4613634805869715	 	0.31654157407890504
2.615836657868225	 	0.185475290937408
2.4000000000000057	 	-2.0019293520355568E-13
2.615836657868542	 	-0.1854752909363722
2.4613634805887825	 	-0.31654157407781564
2.2634322157560747	 	-0.2472343792077615
2.5982192826925217	 	0.2805726602449888
2.4683987656138218	 	-0.01723959512725524
2.6146596806160853	 	0.5242723894673885
2.663637554152151	 	-0.1150438981100734
2.599454666389491	 	-0.02567207062145265
2.3968143911213393	 	-0.04728682054748169
2.331120103409624	 	0.2922588072680474
2.633860577380757	 	0.511792552075843
2.552028298678799	 	0.19713347348484445
2.6170397241329844	 	0.603680994375388
2.974390405964507	 	-0.41923415865462965
2.521653900826054	 	0.259784784052998
2.3900070078283147	 	0.76632986766489
2.570261999514301	 	-0.01650213120046584
2.8396343423382358	 	0.11811888939319982
2.345375692627104	 	0.577344401860376
2.6377036552990583	 	0.6854718375932787
2.7219409469709137	 	0.8071548847754992
2.586654093830707	 	0.3537499204079745
3.0335731111489643	 	0.5017311274262458
2.4597731106158456	 	0.3708623618915676
2.8613243059548594	 	0.12442663175431246
2.404593761127656	 	-0.3499209160947887
2.6343316954500815	 	0.5260733893791686
2.562041146546421	 	-0.3540329320572208
2.079017161262006	 	0.419540010525646
2.2723068930582473	 	0.27165193947288624
1.9497165458545098	 	0.7115762651715777
2.3099911923366854	 	0.20152676704696
2.325962494100857	 	0.9723894930591416
2.238253392910856	 	0.7570251158601051
2.423772256382987	 	1.3419372222517185
3.1037507886521642	 	0.6970714950356898
2.9809720547959184	 	-0.009322175822297024
2.819828322001998	 	0.08686857067967704
1.8891598952963116	 	0.45394815196363814
2.0729669646219393	 	0.37505522395365215
2.269775900903842	 	1.1020923463528396
2.4764234343747176	 	1.1716309473577151
2.8627016093392093	 	1.2506863187199513
2.939763858320218	 	0.7440320967482609
2.4419994297676935	 	0.42079084320440274
1.6773375933749761	 	0.8792127932627403
2.187316064533261	 	1.1888929491827165
2.8168951697962608	 	1.786363571389418
2.9337617596636276	 	1.4937503756240167
2.969098300561803	 	0.26411672963434507
2.3768368043759707	 	0.3088057084356769
1.9202274104049841	 	1.01007494827969
3.22448094928267	 	1.4484959062538119
2.377657621330683	 	0.8969618456360011
2.1077662257980236	 	0.4774262595875819
2.326745290385143	 	1.6661693318227044
2.7408083375690726	 	1.7607430244636162
2.778790346298673	 	0.4156130113885664
2.3774782905315295	 	1.023862047187754
2.319467188974062	 	1.601877292013882
3.1562778201612254	 	0.38384597202918463
2.380131828438305	 	0.509176179925718
2.536852830973618	 	1.6569699227181982
2.342018465597019	 	1.1854521234573028
2.4439707650551585	 	0.6416130879600019
2.5122672115348905	 	1.7316695044117636
3.0874539926291504	 	1.4927616567655377
1.8746795172146902	 	1.2508219378004963
2.447319374543481	 	1.9317631706577545
2.961143013436498	 	0.8337464766308514
2.955394734790154	 	2.2071206250489146
3.208903033837837	 	1.613487997103101
1.9611414904601432	 	1.0962707261185916
3.163221101067352	 	1.875041077166371
2.604212401476464	 	0.48552942176200664
2.8666588476023596	 	1.5410197010830604
2.934495141570363	 	0.9805956821618882
2.5627206241198066	 	2.0162315063133764
2.4788527589608775	 	0.9178642956480311
2.133194830334281	 	2.415160850586462
2.9130678759707767	 	0.5741965573594581
2.2831359197814978	 	1.8828269224082979
2.1090910315900957	 	0.8313355561679228
2.478411237004994	 	1.9282846647242018
2.492975309541838	 	1.4064770918094749
3.3158082707175014	 	1.4464620499705272
1.8691786352941264	 	1.7681092753055763
2.6531966844420523	 	0.9444006318628869
2.664222383956741	 	2.1728620365577265
1.7605533684657335	 	1.7458419008768256
2.88036902396113	 	1.5366295545160609
3.156395161683814	 	2.390388667033674
2.1321380167298356	 	1.6585107732131057
2.717263855932516	 	1.2971646590415227
3.076456784717903	 	1.4676402532766026
2.2631564138075544	 	2.807018918072755
2.170641067663454	 	2.3566893025602007
2.193692166439408	 	1.1717181650125088
2.86444071937487	 	1.5271874036469963
2.804508497187095	 	1.830232047584622
2.7821038328655194	 	2.9429928915001717
2.8209890799023887	 	2.4630405708822134
2.302489931275409	 	1.8066291206583296
2.336979348693624	 	2.0494776472582483
1.6471938066334926	 	2.3317781617389213
2.6131420118329833	 	2.245134203428299
2.6523667035941365	 	2.224743379152017
2.7475079344493314	 	1.9483540504447676
2.2181961219474164	 	2.493849484908291
2.775189506289866	 	2.6003572622301463
2.4678650851883406	 	1.9765589639224785
2.6996497881039083	 	2.136536994989323
1.730762539396889	 	2.368252928434785
2.7528917726584154	 	2.6330597254060963
2.547887616774019	 	2.053756776241852
1.961365063431393	 	2.704171801655439
2.2590912815014113	 	2.805513133078622
3.3012617503488584	 	2.718799514433313
2.0442072438731316	 	2.967023122129505
2.434077053148963	 	2.8362275586218026
2.132953364408585	 	2.8261343222312374
1.9784202090089271	 	2.7929573594723
1.507588211967676	 	3.307267829982676
1.9669343196014581	 	4.165835143062429
7.7999999999992475	 	7.80000000000013
3.6398749081403903	 	1.6708778154594464
3.434913281900187	 	2.2950815100341253
3.0114988324662737	 	2.0043211113226156
3.3112231599024153	 	2.2758802007798717
3.0245812345710417	 	2.8952246644752226
2.89285338790594	 	1.9944525952442604
2.8570694147659514	 	3.0094201410077686
3.01270298081866	 	3.019240146182211
2.8550879345528846	 	2.80597683145411
2.402733927419454	 	3.145482395732183
3.017260433578581	 	2.3750327281535757
2.6272493841899234	 	2.7149561763303796
2.608104691662603	 	3.487694862245995
2.867462961489703	 	2.866986477342288
2.2214264395767054	 	3.0554655230452505
3.0839745524643294	 	3.4128973737217776
2.7967127927168303	 	3.3005693614475193
2.3613804536170697	 	3.989559337068311
3.1149411391561457	 	3.2006807733453297
2.830748888606201	 	3.5279727263202467
3.2765322781928914	 	2.8995990008267363
3.286307677560688	 	2.9095642327256708
3.7565510920668834	 	3.8683758319191193
3.3975028598453565	 	4.073376869418412
3.0809016994378347	 	4.0426157810424606
2.90414587823076	 	3.6858460744633783
2.60465176571411	 	3.177068488555431
3.291410967079502	 	2.2919560621015513
3.59716933045546	 	3.451006236107294
3.1976905004732994	 	4.25808966582271
1.9145810829534196	 	3.0187628011666483
2.682055811129543	 	2.899068032909038
2.336026470414828	 	4.351268065439241
2.1257892816544617	 	4.622920266216432
2.2339397368819123	 	3.5531016229189656
3.591376378667684	 	4.524761023910142
2.3029208918479243	 	4.438455669407752
3.4272788119402384	 	3.9267704529868173
2.4910539116378834	 	4.492537172046528
2.1702299423436635	 	3.15807650261421
2.775308001782724	 	5.020892936126388
1.7892797577117885	 	4.299809199233625
3.419769905258377	 	5.010758631835782
2.2496427302428166	 	4.085592674759238
4.05803500478081	 	3.720963992945288
2.927123570045806	 	4.783552857349402
3.489975282791464	 	4.317787140323438
2.1306777777909187	 	5.335685160903501
3.2066922638088404	 	4.938939004510724
2.1339841996448974	 	4.923990072484639
2.831127979575005	 	4.48162792088909
2.5122956259661215	 	4.192733704987608
3.1158941007539545	 	5.985295748194407
3.3412773159706157	 	4.793076639816889
1.81982584635701	 	5.644052674991789
2.7024196894330808	 	5.802280500718442
2.5416623461621346	 	4.7176008484375505
2.4076675854828506	 	6.308924824366442
3.248123495143508	 	6.153394692279617
1.9137449108883287	 	5.87587977225173
2.37374226077832	 	6.765140770843086
3.50232703380835	 	6.180262211223201
2.225696841173431	 	6.471749227014394
2.107811137898102	 	6.323399915512093
3.052264505618179	 	6.090677074718298
2.4716783631567503	 	6.009176713884333
1.6499469455841855	 	6.661395064332795
3.157727364994664	 	6.847103967181598
3.459758381506836	 	6.522828624491535
1.94729171966751	 	6.618134402549
2.755694586674516	 	8.027370735777286
3.235621971888377	 	7.888802587271163
2.8518710788940465	 	7.388855132676795
2.63678052311262	 	6.72820458104754
2.2454915028116536	 	8.097082848284304
2.612611857740005	 	7.681244355947213
3.092284658140816	 	8.8328822109706
3.3579112261160398	 	7.528820982283895
2.540870141133614	 	8.682724797396034
2.944902001074189	 	9.176451453285404
2.6457845611805566	 	8.995762414356292
3.8133366111256475	 	9.612567280865392
2.9480621310092703	 	9.95693071398652
2.9492092367820066	 	9.412212725033209
2.249313035901449	 	10.474862239754964
1.9356433761266738	 	9.83975347420506
2.4055323310372807	 	11.185476710121845
2.6147404882528034	 	11.407779106055619
2.2255851979932624	 	10.64899616908489
3.406718543081463	 	11.698965502165343
2.2147536098679588	 	11.926793741249499
3.138975254123145	 	11.033600414965244
3.4835833562572907	 	12.653720635074752
2.1516632660685877	 	13.030307879531238
2.011673123300785	 	12.555982218985584
2.7818696705242636	 	13.1876509069781
2.5234509198617707	 	14.888598406707986
2.7104741621509527	 	15.532270358768049
1.6394044013725946	 	15.53615685996385
2.1004790929198154	 	15.485092862493103
2.9800923637427994	 	15.848280328676818
3.649417209910428	 	17.359307161921492
3.9595651891403025	 	18.26423264515547
3.9173932528300828	 	19.43922471134518
3.765493334459161	 	20.970249162259137
3.31998397339279	 	21.95349992020535
3.5077440413898464	 	23.19428628471097
3.3384386206130476	 	24.532411307332495
3.059293644651261	 	25.83242099023283
2.940244850196211	 	27.64693817230587
3.1468256390903733	 	29.376780366124184
3.476747516254572	 	31.512950452779716
3.3406561005396096	 	34.22637414255747
3.3331338716201917	 	37.42454119187791
3.865725161505398	 	40.85266627277526
3.865242418059507	 	45.69418449096985
4.45615953748318	 	51.36255556534673
4.969920700925742	 	58.36525118003465
5.553613200280475	 	68.38468770736901
7.07361985513275	 	81.94635538992559
9.861219651972036	 	101.96431414978898
14.991973490194672	 	135.66390601165529
30.310933569024414	 	201.79266353111922
107.64870187298907	 	382.5873182882545

