% Signal from Computer Exercise
#500

0.0	 	3.8865769333300566
1.0	 	6.41008547228154
2.0	 	5.441216985234955
3.0	 	5.422318325029287
4.0	 	5.6536682617877005
5.0	 	5.611304090978387
6.0	 	7.2425878123327285
7.0	 	5.4835795975729775
8.0	 	7.304004508669652
9.0	 	5.2723169943543615
10.0	 	4.845087713345312
11.0	 	5.821653716310981
12.0	 	5.766694875897027
13.0	 	4.990114376813211
14.0	 	5.785323877775058
15.0	 	6.563749315625652
16.0	 	5.785094084027194
17.0	 	4.469614736105861
18.0	 	6.990382026781566
19.0	 	5.680220378977384
20.0	 	4.649736572680237
21.0	 	7.099568012757154
22.0	 	5.121698098590592
23.0	 	5.021407537591315
24.0	 	6.653146721462125
25.0	 	7.350334250800399
26.0	 	6.040805552068285
27.0	 	5.57635348974269
28.0	 	6.166522662495329
29.0	 	5.893536632430316
30.0	 	6.496957453995763
31.0	 	5.853394015855843
32.0	 	5.8382964263705155
33.0	 	6.8435899147545
34.0	 	5.836623335142849
35.0	 	6.882623725149441
36.0	 	5.514568260850985
37.0	 	6.021103717300456
38.0	 	5.934861575100236
39.0	 	3.3402368169500694
40.0	 	5.181416329323877
41.0	 	5.838160883795596
42.0	 	5.848566093974773
43.0	 	3.7947430801915516
44.0	 	6.1290810290389395
45.0	 	4.4054707841097684
46.0	 	5.491588841064082
47.0	 	5.275058579757064
48.0	 	3.238024882809169
49.0	 	3.8613975861626253
50.0	 	3.5317365605920212
51.0	 	3.9604713872919035
52.0	 	4.086866931289727
53.0	 	4.922863676609778
54.0	 	3.709642847783944
55.0	 	3.6924827290159286
56.0	 	4.382192266585039
57.0	 	3.458127872679869
58.0	 	2.4795155697875924
59.0	 	4.908522373343958
60.0	 	6.210236766788778
61.0	 	3.481438708284607
62.0	 	3.9717584444455474
63.0	 	3.597539912343014
64.0	 	5.710446465212518
65.0	 	4.469563092425018
66.0	 	4.077468535256265
67.0	 	3.577470059480072
68.0	 	1.9709123589658541
69.0	 	1.7001891030974945
70.0	 	3.0548080084947946
71.0	 	2.394574049822941
72.0	 	3.9456796585101177
73.0	 	2.3122047495425138
74.0	 	1.7572514190918938
75.0	 	3.444654922421206
76.0	 	3.9939327149821153
77.0	 	3.8878510488071
78.0	 	2.983707720608839
79.0	 	3.7161487561286553
80.0	 	2.641054343788003
81.0	 	2.7567503702953506
82.0	 	2.6505172228253246
83.0	 	2.155090085629012
84.0	 	5.1615605279439265
85.0	 	4.12180992909776
86.0	 	2.5853239141729905
87.0	 	4.9519533156066435
88.0	 	5.683909741204247
89.0	 	2.906999921459831
90.0	 	4.042822240043741
91.0	 	1.550367793579924
92.0	 	3.117187978762066
93.0	 	4.2270068984364375
94.0	 	4.442379275745985
95.0	 	4.277709342815567
96.0	 	3.299667856394368
97.0	 	4.078762094609881
98.0	 	3.827531951382141
99.0	 	4.597565513510261
100.0	 	2.669243506586434
101.0	 	4.1548446671681365
102.0	 	4.247358956118309
103.0	 	2.4840767576114797
104.0	 	4.455739990135707
105.0	 	2.678760307279303
106.0	 	3.359727828485652
107.0	 	3.718152022260151
108.0	 	1.9950977596768715
109.0	 	4.162094180680981
110.0	 	3.4564170091960422
111.0	 	3.6055599241458145
112.0	 	2.965432547657219
113.0	 	5.083539508786728
114.0	 	3.910113050187059
115.0	 	4.116894044460412
116.0	 	3.844969754890256
117.0	 	4.489800628019059
118.0	 	4.843282532861514
119.0	 	4.3494142070958945
120.0	 	5.2918539208328905
121.0	 	4.8183715853514135
122.0	 	5.2189190978528694
123.0	 	4.2107620413532665
124.0	 	5.745833469301257
125.0	 	6.44218951009988
126.0	 	3.453165839636249
127.0	 	4.824551991453631
128.0	 	4.651820178282237
129.0	 	3.936162568249557
130.0	 	5.249811948398004
131.0	 	4.057836953287361
132.0	 	3.805323746369689
133.0	 	5.065573482792244
134.0	 	3.456665044576435
135.0	 	4.170449179151376
136.0	 	3.4197614856277214
137.0	 	4.196358024028934
138.0	 	4.143798192794701
139.0	 	4.086216092846582
140.0	 	3.8156426938461725
141.0	 	1.3272580526046802
142.0	 	4.803671908110349
143.0	 	3.3860510598390237
144.0	 	3.2316284661475105
145.0	 	4.34384996464197
146.0	 	3.6731314377034643
147.0	 	1.422919440310257
148.0	 	4.357466081677806
149.0	 	1.9944480174319588
150.0	 	3.877278394131496
151.0	 	3.7586789416203126
152.0	 	4.088798486922434
153.0	 	2.08788263999175
154.0	 	2.3952183941796323
155.0	 	2.822796028520289
156.0	 	2.5038492332743463
157.0	 	3.1131536986853305
158.0	 	0.34768266184763474
159.0	 	2.592936141039203
160.0	 	3.2619816022562365
161.0	 	2.8809589861291007
162.0	 	2.606525294205512
163.0	 	3.0974300893297473
164.0	 	2.424133587326649
165.0	 	1.9870973671378758
166.0	 	1.1260954897634743
167.0	 	0.43961437539761716
168.0	 	1.3951271527469191
169.0	 	2.897746998943856
170.0	 	0.09648415821086243
171.0	 	2.844047363964191
172.0	 	-0.612147112903918
173.0	 	1.5566190876245614
174.0	 	3.318646491047125
175.0	 	3.4245999464568992
176.0	 	2.209329738509312
177.0	 	1.7139857651294452
178.0	 	0.20139871986671176
179.0	 	1.974421338877217
180.0	 	1.6686393548027718
181.0	 	2.377583442910808
182.0	 	2.0802903885011714
183.0	 	3.0777800135462696
184.0	 	4.806735713938282
185.0	 	1.5853915825544231
186.0	 	2.5583510810360472
187.0	 	0.4437794220013578
188.0	 	1.748129851112689
189.0	 	2.400285408194864
190.0	 	1.268713125620994
191.0	 	1.5619488517701
192.0	 	0.274449265239447
193.0	 	1.6265647362851063
194.0	 	2.1591078153815424
195.0	 	2.379709238208258
196.0	 	1.1198724518572494
197.0	 	2.648356821656643
198.0	 	3.0982382756763123
199.0	 	0.7017140655117071
200.0	 	2.2884386965761254
201.0	 	3.3898952166257548
202.0	 	3.0040261017756267
203.0	 	3.711065029076987
204.0	 	2.393232354200665
205.0	 	2.797672616587963
206.0	 	2.0937333911880587
207.0	 	2.412402906245284
208.0	 	2.5174427162162845
209.0	 	3.14446936103076
210.0	 	2.555960021623299
211.0	 	1.4968735609240338
212.0	 	3.597298349051413
213.0	 	3.3552568747088625
214.0	 	3.644515816963489
215.0	 	4.6289684711385295
216.0	 	1.0268767226795172
217.0	 	5.654975736057597
218.0	 	3.994167020097733
219.0	 	4.055240762990193
220.0	 	2.684788891142353
221.0	 	2.03818928181527
222.0	 	3.2582593226951193
223.0	 	2.3348959463587735
224.0	 	4.18273888226773
225.0	 	2.9606116302674046
226.0	 	2.8682139203410517
227.0	 	3.39225768017405
228.0	 	2.735958452232915
229.0	 	2.252511330106928
230.0	 	2.5149003481295105
231.0	 	2.191108775873282
232.0	 	2.6555166238283547
233.0	 	0.15398935341044107
234.0	 	2.651883146281336
235.0	 	3.5309069473060832
236.0	 	3.5625039339159272
237.0	 	1.3721326397246036
238.0	 	3.7205441290267176
239.0	 	2.9648752325809267
240.0	 	2.6240926268780957
241.0	 	4.760042312094159
242.0	 	1.9970792285717245
243.0	 	2.9399686673763488
244.0	 	5.511470573784958
245.0	 	2.7177369077582814
246.0	 	2.061370823119788
247.0	 	3.5587142294846337
248.0	 	3.479651286563805
249.0	 	2.314931174858218
250.0	 	3.487734714483033
251.0	 	3.062927288139943
252.0	 	2.7691584029446306
253.0	 	4.635688661918047
254.0	 	3.0575421129113804
255.0	 	2.1393019355265244
256.0	 	3.2295849849082936
257.0	 	2.1449505736913084
258.0	 	1.593716807953312
259.0	 	1.1468772270249294
260.0	 	3.3650285098058417
261.0	 	2.376938911519053
262.0	 	2.71710715281931
263.0	 	2.266377765574298
264.0	 	-0.19859996576943217
265.0	 	0.045434836972503945
266.0	 	0.7247332347769757
267.0	 	2.57142953912156
268.0	 	-0.024390845130646266
269.0	 	1.2759319011524073
270.0	 	0.38990890375227827
271.0	 	0.7216508174424472
272.0	 	1.7466232762171845
273.0	 	2.859664512174155
274.0	 	1.8842387634450712
275.0	 	1.8776178699157444
276.0	 	0.7284023176430885
277.0	 	-0.370488835998515
278.0	 	2.921490452784441
279.0	 	2.137705951285604
280.0	 	1.8447080998482954
281.0	 	2.657772709750839
282.0	 	1.6233413832588068
283.0	 	3.696804944464331
284.0	 	0.6057893792920475
285.0	 	2.075825694367534
286.0	 	-0.8929988757862704
287.0	 	1.926910226619747
288.0	 	1.006940906358549
289.0	 	0.6156508956853601
290.0	 	3.794708363233791
291.0	 	0.07958865423902672
292.0	 	2.248938116590424
293.0	 	-0.02676367118846157
294.0	 	2.845102978050346
295.0	 	1.6103190264190426
296.0	 	1.5803470675584954
297.0	 	3.193855786720662
298.0	 	2.4064729666554014
299.0	 	2.7247083525865965
300.0	 	-0.23829164523078727
301.0	 	0.17922196338329455
302.0	 	-1.108123257738853
303.0	 	-0.5534176846768843
304.0	 	1.0515974056966406
305.0	 	-0.6834850061057762
306.0	 	-1.2238599072495093
307.0	 	0.6079512693983187
308.0	 	-0.7854415153688277
309.0	 	0.4292856963447025
310.0	 	1.4147282367523415
311.0	 	0.3608509723501454
312.0	 	1.4509144647052397
313.0	 	1.1502338134618286
314.0	 	0.28449299124274674
315.0	 	0.11105846384347284
316.0	 	0.1484515624332552
317.0	 	0.31586129871859203
318.0	 	-0.1537053069559402
319.0	 	0.6736828553890337
320.0	 	0.955978602632169
321.0	 	-0.5169990401610578
322.0	 	0.22949944046622672
323.0	 	0.7506311943353152
324.0	 	0.0787617673969292
325.0	 	-2.8327807472961313
326.0	 	-0.8616491048690076
327.0	 	-0.8700506872735554
328.0	 	1.2958342777878737
329.0	 	-0.5969048818941003
330.0	 	-0.5197823129396859
331.0	 	-0.09296259229362525
332.0	 	1.0991805611952579
333.0	 	-0.5736269267872629
334.0	 	-0.5842847094592996
335.0	 	2.8277412177366568
336.0	 	1.4547963497934875
337.0	 	-1.2220087121031225
338.0	 	-0.7692968394749333
339.0	 	0.853317632337272
340.0	 	-0.8143771376588491
341.0	 	-0.8700144301967401
342.0	 	0.3301566825372182
343.0	 	-0.15272459409722794
344.0	 	-0.9236436044698846
345.0	 	-0.6667331558332172
346.0	 	-0.24608563178731635
347.0	 	0.3840912587157457
348.0	 	1.1001332950814267
349.0	 	-1.8127248764868902
350.0	 	-0.08570004625083305
351.0	 	-0.12019943950501855
352.0	 	-1.1329111239234972
353.0	 	-2.1684923573383657
354.0	 	-2.1443807030415263
355.0	 	-1.4555368372776207
356.0	 	-1.605207427598697
357.0	 	-1.3410780363067225
358.0	 	-2.764467331033597
359.0	 	-2.2434959182745584
360.0	 	-2.6994428453649153
361.0	 	-2.3487853977739013
362.0	 	0.6283016358978639
363.0	 	-1.7410704608452112
364.0	 	-2.5843764040931507
365.0	 	-1.9640258233790828
366.0	 	-2.4500888287028415
367.0	 	-3.1225823106955324
368.0	 	-3.078779680879245
369.0	 	-2.034290174824981
370.0	 	-2.0949330603212104
371.0	 	-2.139715623998259
372.0	 	-1.8935020717635425
373.0	 	-1.5812455855332512
374.0	 	-1.9439330683550669
375.0	 	-0.6596758872185164
376.0	 	0.848338872261369
377.0	 	-1.7779571482245773
378.0	 	-2.486450969907357
379.0	 	-2.1814743246024695
380.0	 	0.21304175883282994
381.0	 	0.2957655313788562
382.0	 	1.9491127640749477
383.0	 	-0.030336963172073794
384.0	 	-0.7201187736390381
385.0	 	0.6198967210134047
386.0	 	0.829816278495945
387.0	 	0.2697614212566143
388.0	 	0.1865423018486546
389.0	 	-1.5774024542301628
390.0	 	-0.1254511227322055
391.0	 	-0.6545622978287783
392.0	 	-0.10356995094865018
393.0	 	1.090494612506304
394.0	 	0.13227754550530424
395.0	 	1.3451164409779244
396.0	 	1.1878540599418093
397.0	 	2.2008332167959592
398.0	 	-0.21783046307926412
399.0	 	1.0321207763718867
400.0	 	1.6650882067123753
401.0	 	0.07550568375219557
402.0	 	1.455588865750428
403.0	 	1.4996380005504726
404.0	 	0.7913050433671014
405.0	 	-0.043045261576601046
406.0	 	2.679968938387418
407.0	 	1.8075607759435695
408.0	 	2.043385348642097
409.0	 	1.6059516226350905
410.0	 	0.744559268359811
411.0	 	1.5412025619495267
412.0	 	2.988602974166838
413.0	 	2.3212497927445623
414.0	 	1.3880476604629095
415.0	 	-0.2081114668234063
416.0	 	0.5831839994886461
417.0	 	0.38111276779647607
418.0	 	2.8080573425044437
419.0	 	1.4594216166608045
420.0	 	0.8927416244718394
421.0	 	2.7067178715152993
422.0	 	2.492518776442002
423.0	 	0.2764230669150487
424.0	 	1.5345857410890564
425.0	 	2.7474343184138306
426.0	 	1.1729172664997554
427.0	 	2.5545483536696834
428.0	 	1.7419071846048
429.0	 	2.5879765678897897
430.0	 	2.9994143377065585
431.0	 	0.552577974874517
432.0	 	0.5498376625289922
433.0	 	1.1774327078918971
434.0	 	0.7378453435470118
435.0	 	1.9663834333807375
436.0	 	1.7033840351371694
437.0	 	1.0801677042426738
438.0	 	1.6885913059698945
439.0	 	1.040767751453999
440.0	 	-0.41276172623931395
441.0	 	0.34860173913538217
442.0	 	-0.2726740287693956
443.0	 	-0.1968182698872365
444.0	 	2.3774615620273334
445.0	 	0.1178636090027747
446.0	 	2.9676380517652783
447.0	 	1.0193140906466838
448.0	 	2.3150441344765875
449.0	 	1.9223189135367578
450.0	 	-0.8544719866533242
451.0	 	0.370558210326446
452.0	 	-0.1986599670143523
453.0	 	0.233973527597287
454.0	 	1.5257804655042464
455.0	 	1.5533519654332795
456.0	 	0.7153760806516878
457.0	 	0.4227516854582436
458.0	 	-0.5697890070821687
459.0	 	-0.2996056676073273
460.0	 	0.15303706988590327
461.0	 	1.1386495714599554
462.0	 	-0.8122116781453419
463.0	 	-0.27626421831881554
464.0	 	-1.9118749810478415
465.0	 	-0.3842364770012934
466.0	 	-0.7933685508793993
467.0	 	0.5797444016573555
468.0	 	-0.8447062513522289
469.0	 	-2.0018066922107995
470.0	 	0.4678814951071333
471.0	 	0.155946202595878
472.0	 	-1.5451413698851848
473.0	 	-1.2121794798964842
474.0	 	-0.858550974007982
475.0	 	0.7797415976807205
476.0	 	-0.4205190773633394
477.0	 	-1.08603826164138
478.0	 	1.523636025529889
479.0	 	-0.551004382833332
480.0	 	-2.1372724343128926
481.0	 	0.6248972487151908
482.0	 	-1.4033670812359418
483.0	 	-0.3154957303025139
484.0	 	0.3495054864589363
485.0	 	-2.9987262448353453
486.0	 	-0.29010933743927814
487.0	 	-0.29566508008540027
488.0	 	-0.11162853404681539
489.0	 	-0.30861668872140213
490.0	 	0.08336797747136715
491.0	 	-0.6799576189113384
492.0	 	-0.05428349435331403
493.0	 	0.36831616394058386
494.0	 	-0.5673469794311945
495.0	 	-0.5452404395165078
496.0	 	0.6418254994005854
497.0	 	0.3089894760136607
498.0	 	-0.18403902552822404
499.0	 	1.283163506818502

