% Signal from Computer Exercise
#500

0.0	 	0.0
1.0	 	0.005000000000000001
2.0	 	0.009750000000000002
3.0	 	0.019262500000000002
4.0	 	0.028299375
5.0	 	0.04188440625
6.0	 	0.059790185937500004
7.0	 	0.07680067664062501
8.0	 	0.09796064280859376
9.0	 	0.11806261066816406
10.0	 	0.14215948013475585
11.0	 	0.16505150612801806
12.0	 	0.19179893082161714
13.0	 	0.21720898428053628
14.0	 	0.24634853506650947
15.0	 	0.274031108313184
16.0	 	0.30032955289752483
17.0	 	0.3303130752526486
18.0	 	0.35879742149001614
19.0	 	0.3858575504155153
20.0	 	0.4165646728947395
21.0	 	0.44573643925000245
22.0	 	0.4734496172875023
23.0	 	0.49977713642312716
24.0	 	0.5247882796019708
25.0	 	0.5485488656218723
26.0	 	0.5711214223407788
27.0	 	0.5925653512237399
28.0	 	0.612937083662553
29.0	 	0.6322902294794254
30.0	 	0.6506757180054541
31.0	 	0.6631419321051814
32.0	 	0.6749848354999223
33.0	 	0.6862355937249262
34.0	 	0.6919238140386799
35.0	 	0.6973276233367459
36.0	 	0.7024612421699086
37.0	 	0.7023381800614131
38.0	 	0.7022212710583424
39.0	 	0.6971102075054253
40.0	 	0.692254697130154
41.0	 	0.6826419622736463
42.0	 	0.673509864159964
43.0	 	0.6598343709519657
44.0	 	0.6468426524043674
45.0	 	0.629500519784149
46.0	 	0.6080254937949415
47.0	 	0.5876242191051945
48.0	 	0.5632430081499348
49.0	 	0.540080857742438
50.0	 	0.5130768148553161
51.0	 	0.48242297411255025
52.0	 	0.4533018254069227
53.0	 	0.42063673413657654
54.0	 	0.3896048974297477
55.0	 	0.35512465255826026
56.0	 	0.3173684199303472
57.0	 	0.2814999989338298
58.0	 	0.24242499898713835
59.0	 	0.20530374903778142
60.0	 	0.16503856158589233
61.0	 	0.12678663350659772
62.0	 	0.08544730183126784
63.0	 	0.04617493673970444
64.0	 	0.003866189902719211
65.0	 	-0.03632711959241676
66.0	 	-0.07451076361279593
67.0	 	-0.11578522543215614
68.0	 	-0.15499596416054834
69.0	 	-0.19224616595252092
70.0	 	-0.23263385765489486
71.0	 	-0.2710021647721501
72.0	 	-0.3074520565335426
73.0	 	-0.34207945370686543
74.0	 	-0.3749754810215221
75.0	 	-0.406226706970446
76.0	 	-0.4359153716219237
77.0	 	-0.46411960304082744
78.0	 	-0.49091362288878604
79.0	 	-0.5163679417443467
80.0	 	-0.5405495446571295
81.0	 	-0.558522067424273
82.0	 	-0.5755959640530594
83.0	 	-0.5918161658504064
84.0	 	-0.6022253575578861
85.0	 	-0.6121140896799918
86.0	 	-0.6215083851959923
87.0	 	-0.6254329659361927
88.0	 	-0.6291613176393831
89.0	 	-0.6277032517574139
90.0	 	-0.6263180891695432
91.0	 	-0.620002184711066
92.0	 	-0.6140020754755128
93.0	 	-0.6033019717017372
94.0	 	-0.5931368731166503
95.0	 	-0.5784800294608178
96.0	 	-0.5595560279877769
97.0	 	-0.5415782265883881
98.0	 	-0.5194993152589686
99.0	 	-0.4985243494960202
100.0	 	-0.4735981320212192
101.0	 	-0.4449182254201582
102.0	 	-0.41767231414915024
103.0	 	-0.3867886984416927
104.0	 	-0.35744926351960804
105.0	 	-0.3245768003436276
106.0	 	-0.2883479603264462
107.0	 	-0.2539305623101239
108.0	 	-0.2162340341946177
109.0	 	-0.18042233248488682
110.0	 	-0.14140121586064247
111.0	 	-0.10433115506761034
112.0	 	-0.06411459731422983
113.0	 	-0.025908867448518343
114.0	 	0.015386575923907582
115.0	 	0.05461724712771221
116.0	 	0.0918863847713266
117.0	 	0.13229206553276027
118.0	 	0.17067746225612226
119.0	 	0.20714358914331615
120.0	 	0.24678640968615034
121.0	 	0.2844470892018428
122.0	 	0.3202247347417506
123.0	 	0.35421349800466306
124.0	 	0.3865028231044299
125.0	 	0.4171776819492084
126.0	 	0.44631879785174794
127.0	 	0.47400285795916053
128.0	 	0.5003027150612025
129.0	 	0.5252875793081424
130.0	 	0.5490232003427353
131.0	 	0.5665720403255986
132.0	 	0.5832434383093187
133.0	 	0.5990812663938527
134.0	 	0.6091272030741601
135.0	 	0.6186708429204522
136.0	 	0.6277373007744296
137.0	 	0.6313504357357081
138.0	 	0.6347829139489227
139.0	 	0.6330437682514766
140.0	 	0.6313915798389027
141.0	 	0.6248220008469576
142.0	 	0.6185809008046097
143.0	 	0.6076518557643792
144.0	 	0.5972692629761602
145.0	 	0.5824057998273522
146.0	 	0.5632855098359846
147.0	 	0.5451212343441854
148.0	 	0.5228651726269761
149.0	 	0.5017219139956273
150.0	 	0.4766358182958459
151.0	 	0.44780402738105357
152.0	 	0.4204138260120009
153.0	 	0.3893931347114008
154.0	 	0.35992347797583074
155.0	 	0.3269273040770392
156.0	 	0.2905809388731872
157.0	 	0.2560518919295278
158.0	 	0.21824929733305143
159.0	 	0.18233683246639884
160.0	 	0.1432199908430789
161.0	 	0.10605899130092494
162.0	 	0.0657560417358787
163.0	 	0.02746823964908477
164.0	 	-0.013905172333369478
165.0	 	-0.053209913716701016
166.0	 	-0.09054941803086597
167.0	 	-0.13102194712932266
168.0	 	-0.16947084977285654
169.0	 	-0.20599730728421373
170.0	 	-0.24569744192000303
171.0	 	-0.28341256982400287
172.0	 	-0.3192419413328027
173.0	 	-0.35327984426616255
174.0	 	-0.38561585205285437
175.0	 	-0.4163350594502116
176.0	 	-0.44551830647770096
177.0	 	-0.4732423911538159
178.0	 	-0.49958027159612506
179.0	 	-0.5246012580163188
180.0	 	-0.5483711951155029
181.0	 	-0.5659526353597278
182.0	 	-0.5826550035917415
183.0	 	-0.5985222534121545
184.0	 	-0.6085961407415468
185.0	 	-0.6181663337044695
186.0	 	-0.627258017019246
187.0	 	-0.6308951161682836
188.0	 	-0.6343503603598695
189.0	 	-0.632632842341876
190.0	 	-0.6310012002247822
191.0	 	-0.6244511402135431
192.0	 	-0.6182285832028659
193.0	 	-0.6073171540427226
194.0	 	-0.5969512963405864
195.0	 	-0.5821037315235571
196.0	 	-0.5629985449473792
197.0	 	-0.5448486177000103
198.0	 	-0.5226061868150097
199.0	 	-0.5014758774742591
200.0	 	-0.47640208360054614
201.0	 	-0.4475819794205188
202.0	 	-0.42020288044949283
203.0	 	-0.3891927364270182
204.0	 	-0.35973309960566724
205.0	 	-0.3267464446253838
206.0	 	-0.2904091223941146
207.0	 	-0.2558886662744088
208.0	 	-0.21809423296068836
209.0	 	-0.18218952131265395
210.0	 	-0.14308004524702125
211.0	 	-0.10592604298467018
212.0	 	-0.06562974083543666
213.0	 	-0.027348253793664824
214.0	 	0.014019158896018426
215.0	 	0.05331820095121751
216.0	 	0.09065229090365665
217.0	 	0.13111967635847382
218.0	 	0.16956369254055012
219.0	 	0.20608550791352262
220.0	 	0.2457812325178465
221.0	 	0.28349217089195416
222.0	 	0.3193175623473564
223.0	 	0.3533516842299886
224.0	 	0.38568410001848913
225.0	 	0.41639989501756464
226.0	 	0.44557990026668637
227.0	 	0.473300905253352
228.0	 	0.4996358599906844
229.0	 	0.5246540669911501
230.0	 	0.5484213636415927
231.0	 	0.566000295459513
232.0	 	0.5827002806865373
233.0	 	0.5985652666522104
234.0	 	0.6086370033195999
235.0	 	0.6182051531536199
236.0	 	0.6272948954959389
237.0	 	0.6309301507211419
238.0	 	0.6343836431850848
239.0	 	0.6326644610258305
240.0	 	0.631031237974539
241.0	 	0.624479676075812
242.0	 	0.6182556922720214
243.0	 	0.6073429076584203
244.0	 	0.5969757622754992
245.0	 	0.5821269741617242
246.0	 	0.563020625453638
247.0	 	0.544869594180956
248.0	 	0.5226261144719082
249.0	 	0.5014948087483128
250.0	 	0.4764200683108971
251.0	 	0.4475990648953522
252.0	 	0.42021911165058456
253.0	 	0.3892081560680553
254.0	 	0.3597477482646525
255.0	 	0.32676036085141985
256.0	 	0.2904223428088488
257.0	 	0.25590122566840634
258.0	 	0.218106164384986
259.0	 	0.1822008561657367
260.0	 	0.14309081335744986
261.0	 	0.10593627268957737
262.0	 	0.06563945905509849
263.0	 	0.02735748610234357
264.0	 	-0.014010388202773616
265.0	 	-0.05330986879263494
266.0	 	-0.0906443753530032
267.0	 	-0.13111215658535302
268.0	 	-0.16955654875608536
269.0	 	-0.2060787213182811
270.0	 	-0.245774785252367
271.0	 	-0.28348604598974864
272.0	 	-0.31931174369026116
273.0	 	-0.3533461565057481
274.0	 	-0.38567884868046065
275.0	 	-0.4163949062464376
276.0	 	-0.4455751609341157
277.0	 	-0.4732964028874099
278.0	 	-0.49963158274303937
279.0	 	-0.5246500036058874
280.0	 	-0.548417503425593
281.0	 	-0.5659966282543134
282.0	 	-0.5826967968415977
283.0	 	-0.5985619569995179
284.0	 	-0.6086338591495419
285.0	 	-0.6182021661920648
286.0	 	-0.6272920578824616
287.0	 	-0.6309274549883385
288.0	 	-0.6343810822389215
289.0	 	-0.6326620281269755
290.0	 	-0.6310289267206267
291.0	 	-0.6244774803845954
292.0	 	-0.6182536063653656
293.0	 	-0.6073409260470973
294.0	 	-0.5969738797447425
295.0	 	-0.5821251857575054
296.0	 	-0.5630189264696301
297.0	 	-0.5448679801461486
298.0	 	-0.5226245811388411
299.0	 	-0.501493352081899
300.0	 	-0.47641868447780406
301.0	 	-0.44759775025391385
302.0	 	-0.42021786274121814
303.0	 	-0.3892069696041572
304.0	 	-0.3597466211239493
305.0	 	-0.3267592900677518
306.0	 	-0.2904213255643642
307.0	 	-0.25590025928614596
308.0	 	-0.21810524632183864
309.0	 	-0.18219998400574672
310.0	 	-0.14308998480545937
311.0	 	-0.1059354855651864
312.0	 	-0.06563871128692708
313.0	 	-0.02735677572258073
314.0	 	0.014011063063548313
315.0	 	0.0533105099103709
316.0	 	0.09064498441485236
317.0	 	0.13111273519410974
318.0	 	0.16955709843440425
319.0	 	0.20607924351268406
320.0	 	0.24577528133704984
321.0	 	0.28348651727019736
322.0	 	0.3193121914066875
323.0	 	0.3533465818363531
324.0	 	0.3856792527445354
325.0	 	0.4163952901073086
326.0	 	0.44557552560194313
327.0	 	0.47329674932184596
328.0	 	0.4996319118557536
329.0	 	0.524650316262966
330.0	 	0.5484178004498177
331.0	 	0.5659969104273268
332.0	 	0.5826970649059605
333.0	 	0.5985622116606625
334.0	 	0.6086341010776294
335.0	 	0.6182023960237479
336.0	 	0.6272922762225606
337.0	 	0.6309276624114325
338.0	 	0.6343812792908609
339.0	 	0.6326622153263178
340.0	 	0.6310291045600019
341.0	 	0.6244776493320018
342.0	 	0.6182537668654017
343.0	 	0.6073410785221316
344.0	 	0.596974024596025
345.0	 	0.5821253233662237
346.0	 	0.5630190571979125
347.0	 	0.5448681043380168
348.0	 	0.522624699121116
349.0	 	0.5014934641650601
350.0	 	0.4764187909568071
351.0	 	0.44759785140896674
352.0	 	0.42021795883851837
353.0	 	0.3892070608965924
354.0	 	0.35974670785176277
355.0	 	0.3267593724591746
356.0	 	0.29042140383621584
357.0	 	0.255900333644405
358.0	 	0.21810531696218474
359.0	 	0.1822000511140755
360.0	 	0.1430900485583717
361.0	 	0.10593554613045311
362.0	 	0.06563876882393047
363.0	 	0.02735683038273394
364.0	 	-0.014011011136402764
365.0	 	-0.053310460579582636
366.0	 	-0.09064493755060352
367.0	 	-0.13111269067307335
368.0	 	-0.16955705613941968
369.0	 	-0.2060792033324487
370.0	 	-0.24577524316582627
371.0	 	-0.28348648100753493
372.0	 	-0.31931215695715814
373.0	 	-0.3533465491093002
374.0	 	-0.38567922165383517
375.0	 	-0.4163952605711434
376.0	 	-0.4455754975425862
377.0	 	-0.47329672266545686
378.0	 	-0.499631886532184
379.0	 	-0.5246502922055748
380.0	 	-0.5484177775952961
381.0	 	-0.5659968887155313
382.0	 	-0.5826970442797548
383.0	 	-0.598562192065767
384.0	 	-0.6086340824624786
385.0	 	-0.6182023783393548
386.0	 	-0.6272922594223871
387.0	 	-0.6309276464512678
388.0	 	-0.6343812641287043
389.0	 	-0.6326622009222691
390.0	 	-0.6310290908761557
391.0	 	-0.6244776363323479
392.0	 	-0.6182537545157305
393.0	 	-0.6073410667899439
394.0	 	-0.5969740134504468
395.0	 	-0.5821253127779245
396.0	 	-0.5630190471390282
397.0	 	-0.5448680947820768
398.0	 	-0.5226246900429729
399.0	 	-0.5014934555408241
400.0	 	-0.4764187827637829
401.0	 	-0.44759784362559374
402.0	 	-0.420217951444314
403.0	 	-0.3892070538720983
404.0	 	-0.3597467011784934
405.0	 	-0.3267593661195687
406.0	 	-0.2904213978135902
407.0	 	-0.2559003279229107
408.0	 	-0.21810531152676513
409.0	 	-0.18220004595042688
410.0	 	-0.14309004365290554
411.0	 	-0.10593554147026024
412.0	 	-0.06563876439674723
413.0	 	-0.027356826176909876
414.0	 	0.014011015131935627
415.0	 	0.05331046437533885
416.0	 	0.09064494115657191
417.0	 	0.13111269409874332
418.0	 	0.16955705939380616
419.0	 	0.20607920642411587
420.0	 	0.24577524610291007
421.0	 	0.2834864837977646
422.0	 	0.31931215960787634
423.0	 	0.3533465516274825
424.0	 	0.3856792240461084
425.0	 	0.41639526284380296
426.0	 	0.4455754997016128
427.0	 	0.4732967247165321
428.0	 	0.4996318884807055
429.0	 	0.5246502940566702
430.0	 	0.5484177793538366
431.0	 	0.5659968903861448
432.0	 	0.5826970458668376
433.0	 	0.5985621935734957
434.0	 	0.608634083894821
435.0	 	0.61820237970008
436.0	 	0.6272922607150759
437.0	 	0.6309276476793222
438.0	 	0.6343812652953561
439.0	 	0.6326622020305883
440.0	 	0.6310290919290589
441.0	 	0.624477637332606
442.0	 	0.6182537554659757
443.0	 	0.6073410676926769
444.0	 	0.5969740143080431
445.0	 	0.582125313592641
446.0	 	0.5630190479130089
447.0	 	0.5448680955173585
448.0	 	0.5226246907414905
449.0	 	0.501493456204416
450.0	 	0.4764187833941952
451.0	 	0.4475978442244854
452.0	 	0.4202179520132611
453.0	 	0.38920705441259806
454.0	 	0.35974670169196815
455.0	 	0.3267593666073697
456.0	 	0.2904213982770012
457.0	 	0.25590032836315113
458.0	 	0.21810531194499358
459.0	 	0.1822000463477439
460.0	 	0.1430900440303567
461.0	 	0.10593554182883885
462.0	 	0.06563876473739691
463.0	 	0.027356826500527065
464.0	 	-0.014011014824499297
465.0	 	-0.05331046408327434
466.0	 	-0.09064494087911062
467.0	 	-0.1311126938351551
468.0	 	-0.16955705914339733
469.0	 	-0.20607920618622746
470.0	 	-0.24577524587691607
471.0	 	-0.28348648358307027
472.0	 	-0.3193121594039167
473.0	 	-0.35334655143372085
474.0	 	-0.3856792238620348
475.0	 	-0.416395262668933
476.0	 	-0.4455754995354863
477.0	 	-0.47329672455871197
478.0	 	-0.4996318883307763
479.0	 	-0.5246502939142375
480.0	 	-0.5484177792185255
481.0	 	-0.5659968902575992
482.0	 	-0.5826970457447193
483.0	 	-0.5985621934574833
484.0	 	-0.6086340837846091
485.0	 	-0.6182023795953787
486.0	 	-0.6272922606156098
487.0	 	-0.6309276475848293
488.0	 	-0.6343812652055879
489.0	 	-0.6326622019453085
490.0	 	-0.6310290918480431
491.0	 	-0.624477637255641
492.0	 	-0.618253755392859
493.0	 	-0.607341067623216
494.0	 	-0.5969740142420552
495.0	 	-0.5821253135299524
496.0	 	-0.5630190478534548
497.0	 	-0.5448680954607821
498.0	 	-0.522624690687743
499.0	 	-0.5014934561533558

