% Signal from Computer Exercise
#500

0.0	 	0.0
1.0	 	0.27999999999999997
2.0	 	0.536
3.0	 	0.7792
4.0	 	1.01524
5.0	 	1.2394779999999999
6.0	 	1.4475040999999997
7.0	 	1.6401288949999997
8.0	 	1.8281224502499998
9.0	 	2.0067163277374997
10.0	 	2.1713805113506246
11.0	 	2.3278114857830934
12.0	 	2.4764209114939386
13.0	 	2.617599865919242
14.0	 	2.74671987262328
15.0	 	2.8693838789921156
16.0	 	2.98591468504251
17.0	 	3.0966189507903845
18.0	 	3.196788003250865
19.0	 	3.2919486030883216
20.0	 	3.387351172933905
21.0	 	3.4729836142872097
22.0	 	3.549334433572849
23.0	 	3.6218677118942066
24.0	 	3.695774326299496
25.0	 	3.765985609984521
26.0	 	3.8276863294852945
27.0	 	3.88130201301103
28.0	 	3.9372369123604782
29.0	 	3.990375066742454
30.0	 	4.035856313405331
31.0	 	4.079063497735064
32.0	 	4.120110322848311
33.0	 	4.159104806705895
34.0	 	4.1911495663706
35.0	 	4.22159208805207
36.0	 	4.250512483649467
37.0	 	4.277986859466994
38.0	 	4.299087516493644
39.0	 	4.319133140668963
40.0	 	4.3431764836355145
41.0	 	4.361017659453739
42.0	 	4.377966776481053
43.0	 	4.389068437657
44.0	 	4.404615015774151
45.0	 	4.419384264985443
46.0	 	4.42841505173617
47.0	 	4.436994299149362
48.0	 	4.445144584191894
49.0	 	4.452887354982298
50.0	 	4.4552429872331825
51.0	 	4.457480837871523
52.0	 	4.459606795977946
53.0	 	4.461626456179048
54.0	 	4.458545133370095
55.0	 	4.455617876701591
56.0	 	4.45783698286651
57.0	 	4.459945133723184
58.0	 	4.456947877037024
59.0	 	4.449100483185172
60.0	 	4.4466454590259135
61.0	 	4.444313186074617
62.0	 	4.437097526770886
63.0	 	4.4302426504323416
64.0	 	4.423730517910724
65.0	 	4.4175439920151875
66.0	 	4.406666792414428
67.0	 	4.396333452793706
68.0	 	4.391516780154021
69.0	 	4.381940941146319
70.0	 	4.372843894089003
71.0	 	4.359201699384553
72.0	 	4.351241614415325
73.0	 	4.343679533694559
74.0	 	4.331495557009831
75.0	 	4.319920779159339
76.0	 	4.3089247402013715
77.0	 	4.298478503191303
78.0	 	4.283554578031738
79.0	 	4.2693768491301505
80.0	 	4.260908006673643
81.0	 	4.247862606339961
82.0	 	4.2354694760229625
83.0	 	4.218696002221814
84.0	 	4.207761202110723
85.0	 	4.197373142005187
86.0	 	4.1825044849049275
87.0	 	4.168379260659681
88.0	 	4.154960297626697
89.0	 	4.142212282745362
90.0	 	4.125101668608094
91.0	 	4.108846585177689
92.0	 	4.098404255918805
93.0	 	4.083484043122865
94.0	 	4.069309840966722
95.0	 	4.055844348918385
96.0	 	4.043052131472466
97.0	 	4.030899524898842
98.0	 	4.0143545486539
99.0	 	3.998636821221205
100.0	 	3.983704980160145
101.0	 	3.9695197311521375
102.0	 	3.951043744594531
103.0	 	3.933491557364804
104.0	 	3.921816979496564
105.0	 	3.9107261305217356
106.0	 	3.895189823995649
107.0	 	3.8804303327958665
108.0	 	3.8664088161560732
109.0	 	3.8530883753482694
110.0	 	3.8354339565808555
111.0	 	3.818662258751812
112.0	 	3.8077291458142217
113.0	 	3.7923426885235103
114.0	 	3.7777255540973345
115.0	 	3.7638392763924675
116.0	 	3.750647312572844
117.0	 	3.738114946944201
118.0	 	3.721209199596991
119.0	 	3.705148739617141
120.0	 	3.689891302636284
121.0	 	3.6753967375044696
122.0	 	3.661626900629246
123.0	 	3.6435455555977834
124.0	 	3.631368277817894
125.0	 	3.6197998639269993
126.0	 	3.603809870730649
127.0	 	3.5886193771941164
128.0	 	3.5741884083344106
129.0	 	3.56047898791769
130.0	 	3.5424550385218057
131.0	 	3.5253322865957153
132.0	 	3.5140656722659296
133.0	 	3.503362388652633
134.0	 	3.488194269220001
135.0	 	3.473784555759001
136.0	 	3.4600953279710507
137.0	 	3.447090561572498
138.0	 	3.4297360334938727
139.0	 	3.4132492318191785
140.0	 	3.4025867702282198
141.0	 	3.3874574317168085
142.0	 	3.373084560130968
143.0	 	3.359430332124419
144.0	 	3.346458815518198
145.0	 	3.3341358747422882
146.0	 	3.3174290810051734
147.0	 	3.3015576269549145
148.0	 	3.2914797456071687
149.0	 	3.27690575832681
150.0	 	3.263060470410469
151.0	 	3.2499074468899454
152.0	 	3.237412074545448
153.0	 	3.2255414708181753
154.0	 	3.2092643972772663
155.0	 	3.1938011774134027
156.0	 	3.1791111185427323
157.0	 	3.1651555626155954
158.0	 	3.1518977844848153
159.0	 	3.1393028952605744
160.0	 	3.1273377504975457
161.0	 	3.1159708629726683
162.0	 	3.100172319824035
163.0	 	3.085163703832833
164.0	 	3.0709055186411915
165.0	 	3.057360242709132
166.0	 	3.0444922305736752
167.0	 	3.0322676190449913
168.0	 	3.020654238092742
169.0	 	3.0096215261881047
170.0	 	2.9941404498786994
171.0	 	2.9794334273847642
172.0	 	2.965461756015526
173.0	 	2.95218866821475
174.0	 	2.939579234804012
175.0	 	2.9276002730638115
176.0	 	2.916220259410621
177.0	 	2.9054092464400902
178.0	 	2.8901387841180854
179.0	 	2.875631844912181
180.0	 	2.8668502526665716
181.0	 	2.8535077400332427
182.0	 	2.84083235303158
183.0	 	2.828790735380001
184.0	 	2.817351198611001
185.0	 	2.806483638680451
186.0	 	2.791159456746428
187.0	 	2.7766014839091064
188.0	 	2.7677714097136508
189.0	 	2.759382839227968
190.0	 	2.7464136972665694
191.0	 	2.7340930124032408
192.0	 	2.7223883617830786
193.0	 	2.711268943693925
194.0	 	2.6957054965092286
195.0	 	2.6809202216837673
196.0	 	2.671874210599579
197.0	 	2.6632805000696
198.0	 	2.65011647506612
199.0	 	2.637610651312814
200.0	 	2.6257301187471733
201.0	 	2.6144436128098145
202.0	 	2.6037214321693236
203.0	 	2.5935353605608573
204.0	 	2.5838585925328146
205.0	 	2.574665662906174
206.0	 	2.5609323797608647
207.0	 	2.5478857607728216
208.0	 	2.53549147273418
209.0	 	2.5237168990974714
210.0	 	2.512531054142598
211.0	 	2.501904501435468
212.0	 	2.4918092763636945
213.0	 	2.4822188125455096
214.0	 	2.468107871918234
215.0	 	2.454702478322322
216.0	 	2.4469673544062056
217.0	 	2.434618986685895
218.0	 	2.4228880373516
219.0	 	2.4117436354840196
220.0	 	2.4011564537098185
221.0	 	2.3910986310243274
222.0	 	2.3815436994731107
223.0	 	2.367466514499455
224.0	 	2.359093188774482
225.0	 	2.3511385293357576
226.0	 	2.3385816028689694
227.0	 	2.326652522725521
228.0	 	2.3153198965892448
229.0	 	2.3045539017597823
230.0	 	2.294326206671793
231.0	 	2.2846098963382033
232.0	 	2.275379401521293
233.0	 	2.2666104314452284
234.0	 	2.2532799098729672
235.0	 	2.240615914379319
236.0	 	2.233585118660353
237.0	 	2.2219058627273354
238.0	 	2.2108105695909686
239.0	 	2.20027004111142
240.0	 	2.190256539055849
241.0	 	2.1807437121030566
242.0	 	2.171706526497904
243.0	 	2.1631212001730087
244.0	 	2.154965140164358
245.0	 	2.14721688315614
246.0	 	2.134856038998333
247.0	 	2.1231132370484165
248.0	 	2.1119575751959956
249.0	 	2.101359696436196
250.0	 	2.091291711614386
251.0	 	2.081727126033667
252.0	 	2.0726407697319837
253.0	 	2.0640087312453845
254.0	 	2.055808294683115
255.0	 	2.0430178799489593
256.0	 	2.0358669859515115
257.0	 	2.0290736366539357
258.0	 	2.017619954821239
259.0	 	2.006738957080177
260.0	 	1.9964020092261678
261.0	 	1.9865819087648595
262.0	 	1.9772528133266165
263.0	 	1.9683901726602857
264.0	 	1.9599706640272714
265.0	 	1.9519721308259077
266.0	 	1.9393735242846122
267.0	 	1.9274048480703814
268.0	 	1.9210346056668623
269.0	 	1.9149828753835192
270.0	 	1.9042337316143432
271.0	 	1.8940220450336258
272.0	 	1.8843209427819445
273.0	 	1.875104895642847
274.0	 	1.8663496508607047
275.0	 	1.8580321683176693
276.0	 	1.8501305599017857
277.0	 	1.8426240319066962
278.0	 	1.8304928303113615
279.0	 	1.8189681887957934
280.0	 	1.8130197793560037
281.0	 	1.8073687903882034
282.0	 	1.7970003508687933
283.0	 	1.7871503333253536
284.0	 	1.777792816659086
285.0	 	1.7689031758261315
286.0	 	1.760458017034825
287.0	 	1.7524351161830838
288.0	 	1.7448133603739295
289.0	 	1.737572692355233
290.0	 	1.7256940577374713
291.0	 	1.7144093548505976
292.0	 	1.7086888871080677
293.0	 	1.7032544427526644
294.0	 	1.693091720615031
295.0	 	1.6834371345842793
296.0	 	1.6742652778550653
297.0	 	1.665552013962312
298.0	 	1.6572744132641961
299.0	 	1.6494106926009862
300.0	 	1.6419401579709367
301.0	 	1.6348431500723897
302.0	 	1.6281009925687702
303.0	 	1.6166959429403316
304.0	 	1.6108611457933149
305.0	 	1.605318088503649
306.0	 	1.5950521840784666
307.0	 	1.5852995748745433
308.0	 	1.5760345961308162
309.0	 	1.5672328663242754
310.0	 	1.5588712230080617
311.0	 	1.5509276618576586
312.0	 	1.5433812787647756
313.0	 	1.536212214826537
314.0	 	1.52940160408521
315.0	 	1.5229315238809495
316.0	 	1.516784947686902
317.0	 	1.5109457003025568
318.0	 	1.5003984152874288
319.0	 	1.4903784945230572
320.0	 	1.4808595697969043
321.0	 	1.4718165913070589
322.0	 	1.463225761741706
323.0	 	1.4550644736546205
324.0	 	1.4473112499718894
325.0	 	1.4399456874732948
326.0	 	1.43294840309963
327.0	 	1.4263009829446485
328.0	 	1.419985933797416
329.0	 	1.413986637107545
330.0	 	1.4082873052521676
331.0	 	1.3978729399895593
332.0	 	1.3929792929900813
333.0	 	1.388330328340577
334.0	 	1.3789138119235482
335.0	 	1.369968121327371
336.0	 	1.3614697152610022
337.0	 	1.353396229497952
338.0	 	1.3457264180230544
339.0	 	1.3384400971219017
340.0	 	1.3315180922658065
341.0	 	1.3249421876525163
342.0	 	1.3186950782698905
343.0	 	1.312760324356396
344.0	 	1.307122308138576
345.0	 	1.3017661927316473
346.0	 	1.2916778830950648
347.0	 	1.2820939889403113
348.0	 	1.2779892894932958
349.0	 	1.274089825018631
350.0	 	1.2653853337676992
351.0	 	1.2571160670793142
352.0	 	1.2492602637253485
353.0	 	1.2417972505390809
354.0	 	1.2347073880121266
355.0	 	1.2279720186115202
356.0	 	1.221573417680944
357.0	 	1.2154947467968968
358.0	 	1.209720009457052
359.0	 	1.2042340089841992
360.0	 	1.1990223085349891
361.0	 	1.1940711931082395
362.0	 	1.1843676334528275
363.0	 	1.175149251780186
364.0	 	1.1713917891911767
365.0	 	1.162822199731618
366.0	 	1.154681089745037
367.0	 	1.146947035257785
368.0	 	1.1395996834948958
369.0	 	1.132619699320151
370.0	 	1.1259887143541434
371.0	 	1.1196892786364363
372.0	 	1.1137048147046145
373.0	 	1.1080195739693837
374.0	 	1.1026185952709144
375.0	 	1.0974876655073686
376.0	 	1.0926132822320003
377.0	 	1.0879826181204002
378.0	 	1.07858348721438
379.0	 	1.0696543128536609
380.0	 	1.0661715972109778
381.0	 	1.0628630173504288
382.0	 	1.0547198664829072
383.0	 	1.0469838731587617
384.0	 	1.0396346795008236
385.0	 	1.0326529455257822
386.0	 	1.026020298249493
387.0	 	1.0197192833370183
388.0	 	1.0137333191701674
389.0	 	1.008046653211659
390.0	 	1.002644320551076
391.0	 	0.9975121045235222
392.0	 	0.9926364992973461
393.0	 	0.9880046743324787
394.0	 	0.9836044406158548
395.0	 	0.9744242185850621
396.0	 	0.970703007655809
397.0	 	0.9671678572730186
398.0	 	0.9588094644093677
399.0	 	0.9508689911888992
400.0	 	0.9433255416294543
401.0	 	0.9361592645479815
402.0	 	0.9293513013205824
403.0	 	0.9228837362545533
404.0	 	0.9167395494418257
405.0	 	0.9109025719697343
406.0	 	0.9053574433712476
407.0	 	0.9000895712026852
408.0	 	0.8950850926425509
409.0	 	0.8903308380104233
410.0	 	0.8858142961099021
411.0	 	0.881523581304407
412.0	 	0.8774474022391866
413.0	 	0.8735750321272273
414.0	 	0.864896280520866
415.0	 	0.8566514664948227
416.0	 	0.8538188931700815
417.0	 	0.8511279485115775
418.0	 	0.8435715510859986
419.0	 	0.8363929735316986
420.0	 	0.8295733248551137
421.0	 	0.823094658612358
422.0	 	0.8169399256817401
423.0	 	0.8110929293976531
424.0	 	0.8055382829277704
425.0	 	0.8002613687813819
426.0	 	0.7952483003423128
427.0	 	0.7904858853251971
428.0	 	0.7859615910589373
429.0	 	0.7816635115059903
430.0	 	0.7775803359306909
431.0	 	0.7737013191341563
432.0	 	0.7700162531774485
433.0	 	0.766515440518576
434.0	 	0.7581896684926472
435.0	 	0.7502801850680149
436.0	 	0.7477661758146141
437.0	 	0.7453778670238834
438.0	 	0.7381089736726892
439.0	 	0.7312035249890547
440.0	 	0.724643348739602
441.0	 	0.7184111813026219
442.0	 	0.7124906222374908
443.0	 	0.7068660911256163
444.0	 	0.7015227865693354
445.0	 	0.6964466472408687
446.0	 	0.6916243148788253
447.0	 	0.687043099134884
448.0	 	0.6826909441781398
449.0	 	0.6785563969692328
450.0	 	0.6746285771207711
451.0	 	0.6708971482647325
452.0	 	0.6673522908514958
453.0	 	0.663984676308921
454.0	 	0.6607854424934749
455.0	 	0.6577461703688012
456.0	 	0.6548588618503611
457.0	 	0.652115918757843
458.0	 	0.6445101228199509
459.0	 	0.6372846166789533
460.0	 	0.6304203858450056
461.0	 	0.6238993665527554
462.0	 	0.6177043982251176
463.0	 	0.6118191783138617
464.0	 	0.6062282193981686
465.0	 	0.6009168084282602
466.0	 	0.5958709680068472
467.0	 	0.5910774196065048
468.0	 	0.5865235486261796
469.0	 	0.5821973711948706
470.0	 	0.5780875026351271
471.0	 	0.5741831275033707
472.0	 	0.5704739711282022
473.0	 	0.5669502725717921
474.0	 	0.5636027589432024
475.0	 	0.5604226209960423
476.0	 	0.5574014899462402
477.0	 	0.5545314154489281
478.0	 	0.5518048446764817
479.0	 	0.5492146024426576
480.0	 	0.5467538723205247
481.0	 	0.5444161787044985
482.0	 	0.5371953697692736
483.0	 	0.5303356012808099
484.0	 	0.5238188212167694
485.0	 	0.5176278801559309
486.0	 	0.5117464861481343
487.0	 	0.5061591618407276
488.0	 	0.5008512037486912
489.0	 	0.49580864356125665
490.0	 	0.4910182113831938
491.0	 	0.4864673008140341
492.0	 	0.4821439357733324
493.0	 	0.4780367389846658
494.0	 	0.4741349020354325
495.0	 	0.4704281569336609
496.0	 	0.4669067490869779
497.0	 	0.463561411632629
498.0	 	0.46038334105099754
499.0	 	0.45736417399844764

