% Signal from Computer Exercise
#500

0.0	 	0.0
1.0	 	0.0
2.0	 	0.0
3.0	 	0.0
4.0	 	0.0
5.0	 	0.0
6.0	 	0.0
7.0	 	0.0
8.0	 	0.0
9.0	 	0.0
10.0	 	0.0
11.0	 	0.0
12.0	 	0.0
13.0	 	0.0
14.0	 	0.0
15.0	 	0.0
16.0	 	0.0
17.0	 	0.0
18.0	 	0.0
19.0	 	0.0
20.0	 	0.0
21.0	 	0.0
22.0	 	0.0
23.0	 	0.0
24.0	 	0.0
25.0	 	0.0
26.0	 	0.0
27.0	 	0.0
28.0	 	0.0
29.0	 	0.0
30.0	 	0.0
31.0	 	0.0
32.0	 	0.0
33.0	 	0.0
34.0	 	0.0
35.0	 	0.0
36.0	 	0.0
37.0	 	0.0
38.0	 	0.0
39.0	 	0.0
40.0	 	0.0
41.0	 	0.0
42.0	 	0.0
43.0	 	0.0
44.0	 	0.0
45.0	 	0.0
46.0	 	0.0
47.0	 	0.0
48.0	 	0.0
49.0	 	0.0
50.0	 	0.0
51.0	 	0.0
52.0	 	0.0
53.0	 	0.0
54.0	 	0.0
55.0	 	0.0
56.0	 	0.0
57.0	 	0.0
58.0	 	0.0
59.0	 	0.0
60.0	 	0.0
61.0	 	0.0
62.0	 	0.0
63.0	 	0.0
64.0	 	0.0
65.0	 	0.0
66.0	 	0.0
67.0	 	0.0
68.0	 	0.0
69.0	 	0.0
70.0	 	0.0
71.0	 	0.0
72.0	 	0.0
73.0	 	0.0
74.0	 	0.0
75.0	 	0.0
76.0	 	0.0
77.0	 	0.0
78.0	 	0.0
79.0	 	0.0
80.0	 	0.0
81.0	 	0.0
82.0	 	0.0
83.0	 	0.0
84.0	 	0.0
85.0	 	0.0
86.0	 	0.0
87.0	 	0.0
88.0	 	0.0
89.0	 	0.0
90.0	 	0.0
91.0	 	0.0
92.0	 	0.0
93.0	 	0.0
94.0	 	0.0
95.0	 	0.0
96.0	 	0.0
97.0	 	0.0
98.0	 	0.0
99.0	 	0.0
100.0	 	0.0
101.0	 	0.0
102.0	 	0.0
103.0	 	0.0
104.0	 	0.0
105.0	 	0.0
106.0	 	0.0
107.0	 	0.0
108.0	 	0.0
109.0	 	0.0
110.0	 	0.0
111.0	 	0.0
112.0	 	0.0
113.0	 	0.0
114.0	 	0.0
115.0	 	0.0
116.0	 	0.0
117.0	 	0.0
118.0	 	0.0
119.0	 	0.0
120.0	 	0.0
121.0	 	0.0
122.0	 	0.0
123.0	 	0.0
124.0	 	0.0
125.0	 	0.0
126.0	 	0.0
127.0	 	0.0
128.0	 	0.0
129.0	 	0.0
130.0	 	0.0
131.0	 	0.0
132.0	 	0.0
133.0	 	0.0
134.0	 	0.0
135.0	 	0.0
136.0	 	0.0
137.0	 	0.0
138.0	 	0.0
139.0	 	0.0
140.0	 	0.0
141.0	 	0.0
142.0	 	0.0
143.0	 	0.0
144.0	 	0.0
145.0	 	0.0
146.0	 	0.0
147.0	 	0.0
148.0	 	0.0
149.0	 	0.0
150.0	 	0.0
151.0	 	0.0
152.0	 	0.0
153.0	 	0.0
154.0	 	0.0
155.0	 	0.0
156.0	 	0.0
157.0	 	0.0
158.0	 	0.0
159.0	 	0.0
160.0	 	0.0
161.0	 	0.0
162.0	 	0.0
163.0	 	0.0
164.0	 	0.0
165.0	 	0.0
166.0	 	0.0
167.0	 	0.0
168.0	 	0.0
169.0	 	0.0
170.0	 	0.0
171.0	 	0.0
172.0	 	0.0
173.0	 	0.0
174.0	 	0.0
175.0	 	0.0
176.0	 	0.0
177.0	 	0.0
178.0	 	0.0
179.0	 	0.0
180.0	 	0.0
181.0	 	0.0
182.0	 	0.0
183.0	 	0.0
184.0	 	0.0
185.0	 	0.0
186.0	 	0.0
187.0	 	0.0
188.0	 	0.0
189.0	 	0.0
190.0	 	0.0
191.0	 	0.0
192.0	 	0.0
193.0	 	0.0
194.0	 	0.0
195.0	 	0.0
196.0	 	0.0
197.0	 	0.0
198.0	 	0.0
199.0	 	0.0
200.0	 	0.0
201.0	 	0.0
202.0	 	0.0
203.0	 	0.0
204.0	 	0.0
205.0	 	0.0
206.0	 	0.0
207.0	 	0.0
208.0	 	0.0
209.0	 	0.0
210.0	 	0.0
211.0	 	0.0
212.0	 	0.0
213.0	 	0.0
214.0	 	0.0
215.0	 	0.0
216.0	 	0.0
217.0	 	0.0
218.0	 	0.0
219.0	 	0.0
220.0	 	0.0
221.0	 	0.0
222.0	 	0.0
223.0	 	0.0
224.0	 	0.0
225.0	 	0.0
226.0	 	0.0
227.0	 	0.0
228.0	 	0.0
229.0	 	0.0
230.0	 	0.0
231.0	 	0.0
232.0	 	0.0
233.0	 	0.0
234.0	 	0.0
235.0	 	0.0
236.0	 	0.0
237.0	 	0.0
238.0	 	0.0
239.0	 	0.0
240.0	 	0.0
241.0	 	0.05
242.0	 	0.0975
243.0	 	0.142625
244.0	 	0.18549375
245.0	 	0.2262190625
246.0	 	0.264908109375
247.0	 	0.30166270390624994
248.0	 	0.3365795687109374
249.0	 	0.36975059027539053
250.0	 	0.401263060761621
251.0	 	0.4311999077235399
252.0	 	0.45963991233736284
253.0	 	0.4866579167204947
254.0	 	0.51232502088447
255.0	 	0.5367087698402464
256.0	 	0.5598733313482341
257.0	 	0.5818796647808224
258.0	 	0.6027856815417814
259.0	 	0.6226463974646923
260.0	 	0.6415140775914577
261.0	 	0.6594383737118849
262.0	 	0.6764664550262907
263.0	 	0.6926431322749761
264.0	 	0.7080109756612273
265.0	 	0.7226104268781659
266.0	 	0.7364799055342576
267.0	 	0.7496559102575447
268.0	 	0.7621731147446675
269.0	 	0.7740644590074341
270.0	 	0.7853612360570624
271.0	 	0.7960931742542093
272.0	 	0.8062885155414988
273.0	 	0.8159740897644239
274.0	 	0.8251753852762027
275.0	 	0.8339166160123925
276.0	 	0.8422207852117729
277.0	 	0.8501097459511843
278.0	 	0.8576042586536251
279.0	 	0.8647240457209439
280.0	 	0.8714878434348967
281.0	 	0.8779134512631519
282.0	 	0.8840177786999943
283.0	 	0.8898168897649946
284.0	 	0.8953260452767449
285.0	 	0.9005597430129076
286.0	 	0.9055317558622623
287.0	 	0.9102551680691492
288.0	 	0.9147424096656918
289.0	 	0.9190052891824072
290.0	 	0.9230550247232868
291.0	 	0.9269022734871225
292.0	 	0.9305571598127664
293.0	 	0.9340293018221281
294.0	 	0.9373278367310217
295.0	 	0.9404614448944706
296.0	 	0.9434383726497471
297.0	 	0.9462664540172597
298.0	 	0.9489531313163967
299.0	 	0.9515054747505769
300.0	 	0.803930201013048
301.0	 	0.6637336909623957
302.0	 	0.5305470064142759
303.0	 	0.40401965609356205
304.0	 	0.2838186732888839
305.0	 	0.1696277396244397
306.0	 	0.06114635264321769
307.0	 	-0.04191096498894321
308.0	 	-0.13981541673949605
309.0	 	-0.23282464590252125
310.0	 	-0.3211834136073952
311.0	 	-0.4051242429270254
312.0	 	-0.4848680307806741
313.0	 	-0.5606246292416404
314.0	 	-0.6325933977795583
315.0	 	-0.7009637278905803
316.0	 	-0.7659155414960512
317.0	 	-0.8276197644212486
318.0	 	-0.8862387762001861
319.0	 	-0.9419268373901767
320.0	 	-0.9948304955206678
321.0	 	-1.0450889707446345
322.0	 	-1.0928345222074027
323.0	 	-1.1381927960970326
324.0	 	-1.181283156292181
325.0	 	-1.222218998477572
326.0	 	-1.2611080485536934
327.0	 	-1.2980526461260087
328.0	 	-1.3331500138197083
329.0	 	-1.3664925131287229
330.0	 	-1.3981678874722867
331.0	 	-1.4282594930986725
332.0	 	-1.456846518443739
333.0	 	-1.484004192521552
334.0	 	-1.5098039828954744
335.0	 	-1.5343137837507006
336.0	 	-1.5575980945631656
337.0	 	-1.5797181898350072
338.0	 	-1.6007322803432569
339.0	 	-1.620695666326094
340.0	 	-1.6396608830097894
341.0	 	-1.6576778388592999
342.0	 	-1.6747939469163349
343.0	 	-1.691054249570518
344.0	 	-1.7065015370919923
345.0	 	-1.7211764602373927
346.0	 	-1.735117637225523
347.0	 	-1.748361755364247
348.0	 	-1.7609436675960346
349.0	 	-1.772896484216233
350.0	 	-1.7842516600054212
351.0	 	-1.79503907700515
352.0	 	-1.8052871231548926
353.0	 	-1.815022766997148
354.0	 	-1.8242716286472906
355.0	 	-1.833058047214926
356.0	 	-1.8414051448541797
357.0	 	-1.8493348876114708
358.0	 	-1.8568681432308973
359.0	 	-1.8640247360693525
360.0	 	-1.8708234992658848
361.0	 	-1.8772823243025905
362.0	 	-1.8834182080874609
363.0	 	-1.8892472976830879
364.0	 	-1.8947849327989335
365.0	 	-1.9000456861589867
366.0	 	-1.9050434018510374
367.0	 	-1.9097912317584855
368.0	 	-1.9143016701705613
369.0	 	-1.9185865866620333
370.0	 	-1.9226572573289316
371.0	 	-1.926524394462485
372.0	 	-1.9301981747393608
373.0	 	-1.9336882660023929
374.0	 	-1.9370038527022733
375.0	 	-1.9401536600671596
376.0	 	-1.9431459770638015
377.0	 	-1.9459886782106115
378.0	 	-1.948689244300081
379.0	 	-1.951254782085077
380.0	 	-1.853692042980823
381.0	 	-1.7610074408317817
382.0	 	-1.6729570687901925
383.0	 	-1.5893092153506827
384.0	 	-1.5098437545831485
385.0	 	-1.434351566853991
386.0	 	-1.3626339885112915
387.0	 	-1.2945022890857267
388.0	 	-1.2297771746314403
389.0	 	-1.1682883158998683
390.0	 	-1.1098739001048747
391.0	 	-1.054380205099631
392.0	 	-1.0016611948446494
393.0	 	-0.951578135102417
394.0	 	-0.9039992283472961
395.0	 	-0.8587992669299312
396.0	 	-0.8158593035834346
397.0	 	-0.7750663384042629
398.0	 	-0.7363130214840496
399.0	 	-0.6994973704098472
400.0	 	-0.6645225018893548
401.0	 	-0.631296376794887
402.0	 	-0.5997315579551427
403.0	 	-0.5697449800573855
404.0	 	-0.5412577310545162
405.0	 	-0.5141948445017904
406.0	 	-0.4884851022767009
407.0	 	-0.46406084716286583
408.0	 	-0.44085780480472253
409.0	 	-0.4188149145644864
410.0	 	-0.39787416883626203
411.0	 	-0.37798046039444894
412.0	 	-0.3590814373747265
413.0	 	-0.34112736550599015
414.0	 	-0.3240709972306906
415.0	 	-0.30786744736915606
416.0	 	-0.2924740750006982
417.0	 	-0.2778503712506633
418.0	 	-0.26395785268813016
419.0	 	-0.25075996005372364
420.0	 	-0.23822196205103743
421.0	 	-0.22631086394848554
422.0	 	-0.21499532075106126
423.0	 	-0.2042455547135082
424.0	 	-0.19403327697783276
425.0	 	-0.1843316131289411
426.0	 	-0.17511503247249405
427.0	 	-0.16635928084886933
428.0	 	-0.15804131680642586
429.0	 	-0.15013925096610456
430.0	 	-0.14263228841779932
431.0	 	-0.13550067399690935
432.0	 	-0.12872564029706388
433.0	 	-0.12228935828221067
434.0	 	-0.11617489036810014
435.0	 	-0.11036614584969512
436.0	 	-0.10484783855721036
437.0	 	-0.09960544662934984
438.0	 	-0.09462517429788234
439.0	 	-0.08989391558298822
440.0	 	-0.0853992198038388
441.0	 	-0.08112925881364685
442.0	 	-0.0770727958729645
443.0	 	-0.07321915607931628
444.0	 	-0.06955819827535047
445.0	 	-0.06608028836158295
446.0	 	-0.0627762739435038
447.0	 	-0.05963746024632861
448.0	 	-0.05665558723401217
449.0	 	-0.05382280787231156
450.0	 	-0.05113166747869598
451.0	 	-0.048575084104761176
452.0	 	-0.046146329899523116
453.0	 	-0.043839013404546955
454.0	 	-0.041647062734319604
455.0	 	-0.03956470959760362
456.0	 	-0.03758647411772344
457.0	 	-0.035707150411837266
458.0	 	-0.0339217928912454
459.0	 	-0.032225703246683134
460.0	 	-0.030614418084348977
461.0	 	-0.029083697180131526
462.0	 	-0.027629512321124948
463.0	 	-0.0262480367050687
464.0	 	-0.024935634869815263
465.0	 	-0.0236888531263245
466.0	 	-0.022504410470008274
467.0	 	-0.021379189946507858
468.0	 	-0.020310230449182464
469.0	 	-0.01929471892672334
470.0	 	-0.018329982980387172
471.0	 	-0.017413483831367812
472.0	 	-0.01654280963979942
473.0	 	-0.015715669157809448
474.0	 	-0.014929885699918974
475.0	 	-0.014183391414923025
476.0	 	-0.013474221844176872
477.0	 	-0.012800510751968029
478.0	 	-0.012160485214369627
479.0	 	-0.011552460953651145
480.0	 	-0.010974837905968588
481.0	 	-0.010426096010670158
482.0	 	-0.00990479121013665
483.0	 	-0.009409551649629817
484.0	 	-0.008939074067148327
485.0	 	-0.00849212036379091
486.0	 	-0.008067514345601363
487.0	 	-0.007664138628321294
488.0	 	-0.007280931696905229
489.0	 	-0.006916885112059967
490.0	 	-0.006571040856456969
491.0	 	-0.00624248881363412
492.0	 	-0.005930364372952414
493.0	 	-0.005633846154304793
494.0	 	-0.005352153846589554
495.0	 	-0.005084546154260076
496.0	 	-0.004830318846547072
497.0	 	-0.0045888029042197185
498.0	 	-0.004359362759008732
499.0	 	-0.004141394621058296

