% Signal from Computer Exercise
#500

0.0	 	0.0
1.0	 	0.1
2.0	 	0.1
3.0	 	0.2
4.0	 	0.2
5.0	 	0.3
6.0	 	0.4
7.0	 	0.4
8.0	 	0.5
9.0	 	0.5
10.0	 	0.6
11.0	 	0.6
12.0	 	0.7
13.0	 	0.7
14.0	 	0.8
15.0	 	0.8
16.0	 	0.8
17.0	 	0.9
18.0	 	0.9
19.0	 	0.9
20.0	 	1.0
21.0	 	1.0
22.0	 	1.0
23.0	 	1.0
24.0	 	1.0
25.0	 	1.0
26.0	 	1.0
27.0	 	1.0
28.0	 	1.0
29.0	 	1.0
30.0	 	1.0
31.0	 	0.9
32.0	 	0.9
33.0	 	0.9
34.0	 	0.8
35.0	 	0.8
36.0	 	0.8
37.0	 	0.7
38.0	 	0.7
39.0	 	0.6
40.0	 	0.6
41.0	 	0.5
42.0	 	0.5
43.0	 	0.4
44.0	 	0.4
45.0	 	0.3
46.0	 	0.2
47.0	 	0.2
48.0	 	0.1
49.0	 	0.1
50.0	 	0.0
51.0	 	-0.1
52.0	 	-0.1
53.0	 	-0.2
54.0	 	-0.2
55.0	 	-0.3
56.0	 	-0.4
57.0	 	-0.4
58.0	 	-0.5
59.0	 	-0.5
60.0	 	-0.6
61.0	 	-0.6
62.0	 	-0.7
63.0	 	-0.7
64.0	 	-0.8
65.0	 	-0.8
66.0	 	-0.8
67.0	 	-0.9
68.0	 	-0.9
69.0	 	-0.9
70.0	 	-1.0
71.0	 	-1.0
72.0	 	-1.0
73.0	 	-1.0
74.0	 	-1.0
75.0	 	-1.0
76.0	 	-1.0
77.0	 	-1.0
78.0	 	-1.0
79.0	 	-1.0
80.0	 	-1.0
81.0	 	-0.9
82.0	 	-0.9
83.0	 	-0.9
84.0	 	-0.8
85.0	 	-0.8
86.0	 	-0.8
87.0	 	-0.7
88.0	 	-0.7
89.0	 	-0.6
90.0	 	-0.6
91.0	 	-0.5
92.0	 	-0.5
93.0	 	-0.4
94.0	 	-0.4
95.0	 	-0.3
96.0	 	-0.2
97.0	 	-0.2
98.0	 	-0.1
99.0	 	-0.1
100.0	 	-0.0
101.0	 	0.1
102.0	 	0.1
103.0	 	0.2
104.0	 	0.2
105.0	 	0.3
106.0	 	0.4
107.0	 	0.4
108.0	 	0.5
109.0	 	0.5
110.0	 	0.6
111.0	 	0.6
112.0	 	0.7
113.0	 	0.7
114.0	 	0.8
115.0	 	0.8
116.0	 	0.8
117.0	 	0.9
118.0	 	0.9
119.0	 	0.9
120.0	 	1.0
121.0	 	1.0
122.0	 	1.0
123.0	 	1.0
124.0	 	1.0
125.0	 	1.0
126.0	 	1.0
127.0	 	1.0
128.0	 	1.0
129.0	 	1.0
130.0	 	1.0
131.0	 	0.9
132.0	 	0.9
133.0	 	0.9
134.0	 	0.8
135.0	 	0.8
136.0	 	0.8
137.0	 	0.7
138.0	 	0.7
139.0	 	0.6
140.0	 	0.6
141.0	 	0.5
142.0	 	0.5
143.0	 	0.4
144.0	 	0.4
145.0	 	0.3
146.0	 	0.2
147.0	 	0.2
148.0	 	0.1
149.0	 	0.1
150.0	 	0.0
151.0	 	-0.1
152.0	 	-0.1
153.0	 	-0.2
154.0	 	-0.2
155.0	 	-0.3
156.0	 	-0.4
157.0	 	-0.4
158.0	 	-0.5
159.0	 	-0.5
160.0	 	-0.6
161.0	 	-0.6
162.0	 	-0.7
163.0	 	-0.7
164.0	 	-0.8
165.0	 	-0.8
166.0	 	-0.8
167.0	 	-0.9
168.0	 	-0.9
169.0	 	-0.9
170.0	 	-1.0
171.0	 	-1.0
172.0	 	-1.0
173.0	 	-1.0
174.0	 	-1.0
175.0	 	-1.0
176.0	 	-1.0
177.0	 	-1.0
178.0	 	-1.0
179.0	 	-1.0
180.0	 	-1.0
181.0	 	-0.9
182.0	 	-0.9
183.0	 	-0.9
184.0	 	-0.8
185.0	 	-0.8
186.0	 	-0.8
187.0	 	-0.7
188.0	 	-0.7
189.0	 	-0.6
190.0	 	-0.6
191.0	 	-0.5
192.0	 	-0.5
193.0	 	-0.4
194.0	 	-0.4
195.0	 	-0.3
196.0	 	-0.2
197.0	 	-0.2
198.0	 	-0.1
199.0	 	-0.1
200.0	 	-0.0
201.0	 	0.1
202.0	 	0.1
203.0	 	0.2
204.0	 	0.2
205.0	 	0.3
206.0	 	0.4
207.0	 	0.4
208.0	 	0.5
209.0	 	0.5
210.0	 	0.6
211.0	 	0.6
212.0	 	0.7
213.0	 	0.7
214.0	 	0.8
215.0	 	0.8
216.0	 	0.8
217.0	 	0.9
218.0	 	0.9
219.0	 	0.9
220.0	 	1.0
221.0	 	1.0
222.0	 	1.0
223.0	 	1.0
224.0	 	1.0
225.0	 	1.0
226.0	 	1.0
227.0	 	1.0
228.0	 	1.0
229.0	 	1.0
230.0	 	1.0
231.0	 	0.9
232.0	 	0.9
233.0	 	0.9
234.0	 	0.8
235.0	 	0.8
236.0	 	0.8
237.0	 	0.7
238.0	 	0.7
239.0	 	0.6
240.0	 	0.6
241.0	 	0.5
242.0	 	0.5
243.0	 	0.4
244.0	 	0.4
245.0	 	0.3
246.0	 	0.2
247.0	 	0.2
248.0	 	0.1
249.0	 	0.1
250.0	 	0.0
251.0	 	-0.1
252.0	 	-0.1
253.0	 	-0.2
254.0	 	-0.2
255.0	 	-0.3
256.0	 	-0.4
257.0	 	-0.4
258.0	 	-0.5
259.0	 	-0.5
260.0	 	-0.6
261.0	 	-0.6
262.0	 	-0.7
263.0	 	-0.7
264.0	 	-0.8
265.0	 	-0.8
266.0	 	-0.8
267.0	 	-0.9
268.0	 	-0.9
269.0	 	-0.9
270.0	 	-1.0
271.0	 	-1.0
272.0	 	-1.0
273.0	 	-1.0
274.0	 	-1.0
275.0	 	-1.0
276.0	 	-1.0
277.0	 	-1.0
278.0	 	-1.0
279.0	 	-1.0
280.0	 	-1.0
281.0	 	-0.9
282.0	 	-0.9
283.0	 	-0.9
284.0	 	-0.8
285.0	 	-0.8
286.0	 	-0.8
287.0	 	-0.7
288.0	 	-0.7
289.0	 	-0.6
290.0	 	-0.6
291.0	 	-0.5
292.0	 	-0.5
293.0	 	-0.4
294.0	 	-0.4
295.0	 	-0.3
296.0	 	-0.2
297.0	 	-0.2
298.0	 	-0.1
299.0	 	-0.1
300.0	 	-0.0
301.0	 	0.1
302.0	 	0.1
303.0	 	0.2
304.0	 	0.2
305.0	 	0.3
306.0	 	0.4
307.0	 	0.4
308.0	 	0.5
309.0	 	0.5
310.0	 	0.6
311.0	 	0.6
312.0	 	0.7
313.0	 	0.7
314.0	 	0.8
315.0	 	0.8
316.0	 	0.8
317.0	 	0.9
318.0	 	0.9
319.0	 	0.9
320.0	 	1.0
321.0	 	1.0
322.0	 	1.0
323.0	 	1.0
324.0	 	1.0
325.0	 	1.0
326.0	 	1.0
327.0	 	1.0
328.0	 	1.0
329.0	 	1.0
330.0	 	1.0
331.0	 	0.9
332.0	 	0.9
333.0	 	0.9
334.0	 	0.8
335.0	 	0.8
336.0	 	0.8
337.0	 	0.7
338.0	 	0.7
339.0	 	0.6
340.0	 	0.6
341.0	 	0.5
342.0	 	0.5
343.0	 	0.4
344.0	 	0.4
345.0	 	0.3
346.0	 	0.2
347.0	 	0.2
348.0	 	0.1
349.0	 	0.1
350.0	 	0.0
351.0	 	-0.1
352.0	 	-0.1
353.0	 	-0.2
354.0	 	-0.2
355.0	 	-0.3
356.0	 	-0.4
357.0	 	-0.4
358.0	 	-0.5
359.0	 	-0.5
360.0	 	-0.6
361.0	 	-0.6
362.0	 	-0.7
363.0	 	-0.7
364.0	 	-0.8
365.0	 	-0.8
366.0	 	-0.8
367.0	 	-0.9
368.0	 	-0.9
369.0	 	-0.9
370.0	 	-1.0
371.0	 	-1.0
372.0	 	-1.0
373.0	 	-1.0
374.0	 	-1.0
375.0	 	-1.0
376.0	 	-1.0
377.0	 	-1.0
378.0	 	-1.0
379.0	 	-1.0
380.0	 	-1.0
381.0	 	-0.9
382.0	 	-0.9
383.0	 	-0.9
384.0	 	-0.8
385.0	 	-0.8
386.0	 	-0.8
387.0	 	-0.7
388.0	 	-0.7
389.0	 	-0.6
390.0	 	-0.6
391.0	 	-0.5
392.0	 	-0.5
393.0	 	-0.4
394.0	 	-0.4
395.0	 	-0.3
396.0	 	-0.2
397.0	 	-0.2
398.0	 	-0.1
399.0	 	-0.1
400.0	 	-0.0
401.0	 	0.1
402.0	 	0.1
403.0	 	0.2
404.0	 	0.2
405.0	 	0.3
406.0	 	0.4
407.0	 	0.4
408.0	 	0.5
409.0	 	0.5
410.0	 	0.6
411.0	 	0.6
412.0	 	0.7
413.0	 	0.7
414.0	 	0.8
415.0	 	0.8
416.0	 	0.8
417.0	 	0.9
418.0	 	0.9
419.0	 	0.9
420.0	 	1.0
421.0	 	1.0
422.0	 	1.0
423.0	 	1.0
424.0	 	1.0
425.0	 	1.0
426.0	 	1.0
427.0	 	1.0
428.0	 	1.0
429.0	 	1.0
430.0	 	1.0
431.0	 	0.9
432.0	 	0.9
433.0	 	0.9
434.0	 	0.8
435.0	 	0.8
436.0	 	0.8
437.0	 	0.7
438.0	 	0.7
439.0	 	0.6
440.0	 	0.6
441.0	 	0.5
442.0	 	0.5
443.0	 	0.4
444.0	 	0.4
445.0	 	0.3
446.0	 	0.2
447.0	 	0.2
448.0	 	0.1
449.0	 	0.1
450.0	 	0.0
451.0	 	-0.1
452.0	 	-0.1
453.0	 	-0.2
454.0	 	-0.2
455.0	 	-0.3
456.0	 	-0.4
457.0	 	-0.4
458.0	 	-0.5
459.0	 	-0.5
460.0	 	-0.6
461.0	 	-0.6
462.0	 	-0.7
463.0	 	-0.7
464.0	 	-0.8
465.0	 	-0.8
466.0	 	-0.8
467.0	 	-0.9
468.0	 	-0.9
469.0	 	-0.9
470.0	 	-1.0
471.0	 	-1.0
472.0	 	-1.0
473.0	 	-1.0
474.0	 	-1.0
475.0	 	-1.0
476.0	 	-1.0
477.0	 	-1.0
478.0	 	-1.0
479.0	 	-1.0
480.0	 	-1.0
481.0	 	-0.9
482.0	 	-0.9
483.0	 	-0.9
484.0	 	-0.8
485.0	 	-0.8
486.0	 	-0.8
487.0	 	-0.7
488.0	 	-0.7
489.0	 	-0.6
490.0	 	-0.6
491.0	 	-0.5
492.0	 	-0.5
493.0	 	-0.4
494.0	 	-0.4
495.0	 	-0.3
496.0	 	-0.2
497.0	 	-0.2
498.0	 	-0.1
499.0	 	-0.1

