% Signal from Computer Exercise
#500

0.0	 	-1.713423066669943
1.0	 	0.7100854722815404
2.0	 	-0.058783014765045216
3.0	 	-0.17768167497071374
4.0	 	-0.046331738212299634
5.0	 	-0.1886959090216127
6.0	 	1.4425878123327278
7.0	 	-0.21642040242702265
8.0	 	1.4040045086696518
9.0	 	-0.6276830056456388
10.0	 	-1.0549122866546874
11.0	 	-0.07834628368901875
12.0	 	-0.23330512410297288
13.0	 	-1.009885623186789
14.0	 	-0.21467612222494203
15.0	 	0.5637493156256523
16.0	 	-0.21490591597280595
17.0	 	-1.6303852638941398
18.0	 	0.9903820267815657
19.0	 	-0.31977962102261603
20.0	 	-1.5502634273197629
21.0	 	0.9995680127571545
22.0	 	-0.878301901409408
23.0	 	-0.9785924624086846
24.0	 	0.5531467214621255
25.0	 	1.2503342508003996
26.0	 	0.04080555206828507
27.0	 	-0.3236465102573103
28.0	 	0.16652266249532932
29.0	 	-0.10646336756968378
30.0	 	0.5969574539957625
31.0	 	0.053394015855841914
32.0	 	0.03829642637051478
33.0	 	1.0435899147544996
34.0	 	0.23662333514284928
35.0	 	1.282623725149441
36.0	 	-0.0854317391490147
37.0	 	0.5211037173004556
38.0	 	0.5348615751002352
39.0	 	-1.9597631830499305
40.0	 	-0.2185836706761224
41.0	 	0.6381608837955959
42.0	 	0.6485660939747726
43.0	 	-1.2052569198084484
44.0	 	1.029081029038939
45.0	 	-0.5945292158902316
46.0	 	0.6915888410640818
47.0	 	0.47505857975706434
48.0	 	-1.4619751171908302
49.0	 	-0.838602413837374
50.0	 	-0.9682634394079788
51.0	 	-0.43952861270809684
52.0	 	-0.3131330687102736
53.0	 	0.6228636766097786
54.0	 	-0.49035715221605614
55.0	 	-0.407517270984072
56.0	 	0.2821922665850396
57.0	 	-0.6418721273201307
58.0	 	-1.420484430212408
59.0	 	1.1085223733439582
60.0	 	2.4102367667887776
61.0	 	-0.31856129171539305
62.0	 	0.37175844444554773
63.0	 	-0.002460087656985799
64.0	 	2.2104464652125184
65.0	 	0.9695630924250178
66.0	 	0.6774685352562644
67.0	 	0.27747005948007164
68.0	 	-1.4290876410341458
69.0	 	-1.5998108969025058
70.0	 	-0.14519199150520556
71.0	 	-0.7054259501770588
72.0	 	0.7456796585101175
73.0	 	-0.8877952504574864
74.0	 	-1.342748580908106
75.0	 	0.3446549224212063
76.0	 	0.8939327149821157
77.0	 	0.7878510488071004
78.0	 	-0.016292279391160847
79.0	 	0.7161487561286553
80.0	 	-0.4589456562119967
81.0	 	-0.34324962970464945
82.0	 	-0.44948277717467544
83.0	 	-0.8449099143709882
84.0	 	1.9615605279439263
85.0	 	0.9218099290977602
86.0	 	-0.5146760858270092
87.0	 	1.7519533156066434
88.0	 	2.483909741204247
89.0	 	-0.39300007854016883
90.0	 	0.8428222400437413
91.0	 	-1.7496322064200758
92.0	 	-0.2828120212379339
93.0	 	0.8270068984364372
94.0	 	1.0423792757459855
95.0	 	0.7777093428155668
96.0	 	-0.30033214360563143
97.0	 	0.4787620946098814
98.0	 	0.227531951382141
99.0	 	0.9975655135102617
100.0	 	-1.0307564934135662
101.0	 	0.3548446671681358
102.0	 	0.547358956118309
103.0	 	-1.3159232423885205
104.0	 	0.5557399901357067
105.0	 	-1.321239692720697
106.0	 	-0.640272171514348
107.0	 	-0.28184797773984904
108.0	 	-2.104902240323128
109.0	 	0.06209418068098138
110.0	 	-0.6435829908039574
111.0	 	-0.49444007585418515
112.0	 	-1.3345674523427808
113.0	 	0.8835395087867282
114.0	 	-0.3898869498129409
115.0	 	-0.1831059555395882
116.0	 	-0.4550302451097439
117.0	 	0.08980062801905841
118.0	 	0.5432825328615145
119.0	 	0.049414207095894724
120.0	 	0.8918539208328902
121.0	 	0.41837158535141317
122.0	 	0.8189190978528691
123.0	 	-0.08923795864673334
124.0	 	1.3458334693012564
125.0	 	2.0421895100998793
126.0	 	-0.846834160363751
127.0	 	0.524551991453631
128.0	 	0.351820178282237
129.0	 	-0.3638374317504427
130.0	 	1.0498119483980037
131.0	 	-0.042163046712639485
132.0	 	-0.394676253630311
133.0	 	0.8655734827922439
134.0	 	-0.5433349554235649
135.0	 	0.17044917915137603
136.0	 	-0.5802385143722786
137.0	 	0.2963580240289341
138.0	 	0.3437981927947016
139.0	 	0.3862160928465821
140.0	 	0.01564269384617223
141.0	 	-2.27274194739532
142.0	 	1.2036719081103495
143.0	 	-0.11394894016097634
144.0	 	-0.26837153385248946
145.0	 	0.94384996464197
146.0	 	0.4731314377034641
147.0	 	-1.7770805596897432
148.0	 	1.1574660816778062
149.0	 	-1.1055519825680413
150.0	 	0.8772783941314959
151.0	 	0.8586789416203127
152.0	 	1.1887984869224333
153.0	 	-0.71211736000825
154.0	 	-0.3047816058203674
155.0	 	0.222796028520289
156.0	 	0.0038492332743462754
157.0	 	0.6131536986853305
158.0	 	-2.052317338152365
159.0	 	0.19293614103920298
160.0	 	0.9619816022562366
161.0	 	0.5809589861291009
162.0	 	0.5065252942055123
163.0	 	0.9974300893297476
164.0	 	0.42413358732664896
165.0	 	-0.012902632862124008
166.0	 	-0.8739045102365255
167.0	 	-1.4603856246023827
168.0	 	-0.5048728472530808
169.0	 	0.9977469989438559
170.0	 	-1.6035158417891378
171.0	 	1.1440473639641908
172.0	 	-2.312147112903918
173.0	 	-0.14338091237543882
174.0	 	1.6186464910471248
175.0	 	1.724599946456899
176.0	 	0.5093297385093116
177.0	 	0.013985765129445049
178.0	 	-1.3986012801332883
179.0	 	0.37442133887721685
180.0	 	-0.031360645197228365
181.0	 	0.6775834429108079
182.0	 	0.38029038850117125
183.0	 	1.3777800135462694
184.0	 	3.0067357139382818
185.0	 	-0.2146084174455769
186.0	 	0.8583510810360471
187.0	 	-1.3562205779986423
188.0	 	-0.1518701488873111
189.0	 	0.4002854081948639
190.0	 	-0.6312868743790059
191.0	 	-0.4380511482299001
192.0	 	-1.725550734760553
193.0	 	-0.47343526371489375
194.0	 	0.1591078153815424
195.0	 	0.279709238208258
196.0	 	-1.1801275481427504
197.0	 	0.34835682165664306
198.0	 	0.7982382756763124
199.0	 	-1.5982859344882927
200.0	 	-0.11156130342387449
201.0	 	0.8898952166257548
202.0	 	0.5040261017756267
203.0	 	1.111065029076987
204.0	 	-0.20676764579933504
205.0	 	0.09767261658796311
206.0	 	-0.606266608811941
207.0	 	-0.28759709375471587
208.0	 	-0.28255728378371536
209.0	 	0.3444693610307601
210.0	 	-0.344039978376701
211.0	 	-1.4031264390759661
212.0	 	0.597298349051413
213.0	 	0.35525687470886247
214.0	 	0.644515816963489
215.0	 	1.6289684711385295
216.0	 	-2.0731232773204824
217.0	 	2.5549757360575978
218.0	 	0.8941670200977327
219.0	 	0.9552407629901936
220.0	 	-0.5152111088576472
221.0	 	-1.1618107181847304
222.0	 	0.05825932269511913
223.0	 	-0.7651040536412266
224.0	 	0.9827388822677294
225.0	 	-0.23938836973259559
226.0	 	-0.23178607965894837
227.0	 	0.29225768017404974
228.0	 	-0.3640415477670853
229.0	 	-0.8474886698930719
230.0	 	-0.5850996518704896
231.0	 	-0.8088912241267181
232.0	 	-0.34448337617164526
233.0	 	-2.846010646589559
234.0	 	-0.14811685371866368
235.0	 	0.7309069473060834
236.0	 	0.6625039339159269
237.0	 	-1.3278673602753965
238.0	 	1.0205441290267174
239.0	 	0.3648752325809266
240.0	 	0.024092626878095658
241.0	 	1.2600423120941588
242.0	 	-1.5029207714282755
243.0	 	-0.46003133262365115
244.0	 	2.111470573784958
245.0	 	-0.5822630922417185
246.0	 	-1.038629176880212
247.0	 	0.4587142294846336
248.0	 	0.4796512865638052
249.0	 	-0.6850688251417818
250.0	 	0.5877347144830329
251.0	 	0.26292728813994337
252.0	 	-0.030841597055369263
253.0	 	1.9356886619180464
254.0	 	0.35754211291138027
255.0	 	-0.36069806447347563
256.0	 	0.7295849849082936
257.0	 	-0.35504942630869163
258.0	 	-0.7062831920466879
259.0	 	-1.1531227729750704
260.0	 	1.1650285098058415
261.0	 	0.17693891151905294
262.0	 	0.61710715281931
263.0	 	0.16637776557429795
264.0	 	-2.198599965769432
265.0	 	-1.954565163027496
266.0	 	-1.1752667652230242
267.0	 	0.7714295391215602
268.0	 	-1.9243908451306462
269.0	 	-0.6240680988475926
270.0	 	-1.3100910962477217
271.0	 	-0.9783491825575528
272.0	 	0.04662327621718454
273.0	 	1.159664512174155
274.0	 	0.18423876344507129
275.0	 	0.17761786991574446
276.0	 	-0.9715976823569115
277.0	 	-2.070488835998515
278.0	 	1.3214904527844409
279.0	 	0.537705951285604
280.0	 	0.14470809984829547
281.0	 	0.8577727097508392
282.0	 	-0.07665861674119334
283.0	 	1.9968049444643308
284.0	 	-1.1942106207079526
285.0	 	0.27582569436753435
286.0	 	-2.6929988757862704
287.0	 	0.026910226619746958
288.0	 	-0.8930590936414511
289.0	 	-1.3843491043146399
290.0	 	1.894708363233791
291.0	 	-1.9204113457609733
292.0	 	0.14893811659042377
293.0	 	-2.2267636711884617
294.0	 	0.7451029780503458
295.0	 	-0.5896809735809576
296.0	 	-0.7196529324415044
297.0	 	0.8938557867206622
298.0	 	0.006472966655401535
299.0	 	0.3247083525865966
300.0	 	0.2617083547692127
301.0	 	0.5792219633832945
302.0	 	-0.708123257738853
303.0	 	-0.15341768467688421
304.0	 	1.3515974056966407
305.0	 	-0.48348500610577627
306.0	 	-1.0238599072495091
307.0	 	0.8079512693983188
308.0	 	-0.6854415153688276
309.0	 	0.5292856963447026
310.0	 	1.4147282367523415
311.0	 	0.3608509723501454
312.0	 	1.35091446470524
313.0	 	1.050233813461829
314.0	 	0.08449299124274656
315.0	 	-0.08894153615652733
316.0	 	-0.05154843756674499
317.0	 	0.01586129871859221
318.0	 	-0.3537053069559404
319.0	 	0.47368285538903354
320.0	 	0.6559786026321692
321.0	 	-0.8169990401610576
322.0	 	-0.0705005595337731
323.0	 	0.4506311943353154
324.0	 	-0.22123823260307063
325.0	 	-3.132780747296131
326.0	 	-1.1616491048690074
327.0	 	-1.1700506872735552
328.0	 	0.9958342777878739
329.0	 	-0.8969048818941001
330.0	 	-0.8197823129396857
331.0	 	-0.19296259229362533
332.0	 	0.8991805611952577
333.0	 	-0.7736269267872631
334.0	 	-0.5842847094592996
335.0	 	2.8277412177366568
336.0	 	1.4547963497934875
337.0	 	-1.1220087121031224
338.0	 	-0.6692968394749332
339.0	 	1.0533176323372722
340.0	 	-0.6143771376588489
341.0	 	-0.57001443019674
342.0	 	0.6301566825372182
343.0	 	0.24727540590277197
344.0	 	-0.5236436044698847
345.0	 	-0.16673315583321724
346.0	 	0.4539143682126836
347.0	 	1.0840912587157456
348.0	 	1.8001332950814266
349.0	 	-1.1127248764868902
350.0	 	0.8142999537491669
351.0	 	0.8798005604949815
352.0	 	-0.13291112392349724
353.0	 	-1.068492357338366
354.0	 	-1.0443807030415266
355.0	 	-0.2555368372776208
356.0	 	-0.3052074275986971
357.0	 	-0.04107803630672269
358.0	 	-1.3644673310335973
359.0	 	-0.8434959182745585
360.0	 	-1.1994428453649153
361.0	 	-0.8487853977739013
362.0	 	2.328301635897864
363.0	 	-0.041070460845211265
364.0	 	-0.8843764040931505
365.0	 	-0.16402582337908278
366.0	 	-0.6500888287028417
367.0	 	-1.2225823106955325
368.0	 	-1.178779680879245
369.0	 	-0.13429017482498118
370.0	 	-0.0949330603212104
371.0	 	-0.1397156239982591
372.0	 	0.10649792823645754
373.0	 	0.41875441446674877
374.0	 	0.05606693164493315
375.0	 	1.3403241127814836
376.0	 	2.848338872261369
377.0	 	0.2220428517754227
378.0	 	-0.38645096990735706
379.0	 	-0.0814743246024694
380.0	 	0.21304175883282994
381.0	 	0.19576553137885622
382.0	 	1.9491127640749477
383.0	 	-0.030336963172073794
384.0	 	-0.8201187736390381
385.0	 	0.5198967210134047
386.0	 	0.729816278495945
387.0	 	0.06976142125661422
388.0	 	-0.013457698151345454
389.0	 	-1.8774024542301628
390.0	 	-0.42545112273220553
391.0	 	-1.0545622978287783
392.0	 	-0.5035699509486502
393.0	 	0.590494612506304
394.0	 	-0.36772245449469576
395.0	 	0.8451164409779244
396.0	 	0.4878540599418093
397.0	 	1.500833216795959
398.0	 	-0.9178304630792642
399.0	 	0.33212077637188653
400.0	 	0.8650882067123753
401.0	 	-0.8244943162478044
402.0	 	0.555588865750428
403.0	 	0.4996380005504726
404.0	 	-0.2086949566328986
405.0	 	-1.1430452615766011
406.0	 	1.479968938387418
407.0	 	0.6075607759435693
408.0	 	0.7433853486420974
409.0	 	0.30595162263509046
410.0	 	-0.6554407316401889
411.0	 	0.14120256194952674
412.0	 	1.488602974166838
413.0	 	0.8212497927445623
414.0	 	-0.1119523395370905
415.0	 	-1.7081114668234063
416.0	 	-1.016816000511354
417.0	 	-1.318887232203524
418.0	 	1.2080573425044436
419.0	 	-0.1405783833391956
420.0	 	-0.8072583755281606
421.0	 	1.0067178715152991
422.0	 	0.7925187764420016
423.0	 	-1.4235769330849513
424.0	 	-0.16541425891094352
425.0	 	1.0474343184138304
426.0	 	-0.5270827335002446
427.0	 	0.8545483536696832
428.0	 	0.04190718460480003
429.0	 	0.8879765678897895
430.0	 	1.2994143377065583
431.0	 	-1.047422025125483
432.0	 	-1.0501623374710078
433.0	 	-0.42256729210810295
434.0	 	-0.6621546564529881
435.0	 	0.5663834333807376
436.0	 	0.2033840351371694
437.0	 	-0.3198322957573261
438.0	 	0.38859130596989466
439.0	 	-0.15923224854600093
440.0	 	-1.612761726239314
441.0	 	-0.7513982608646179
442.0	 	-1.3726740287693957
443.0	 	-1.1968182698872365
444.0	 	1.3774615620273334
445.0	 	-0.7821363909972252
446.0	 	2.1676380517652785
447.0	 	0.21931409064668372
448.0	 	1.6150441344765873
449.0	 	1.2223189135367578
450.0	 	-1.4544719866533242
451.0	 	-0.12944178967355402
452.0	 	-0.6986599670143523
453.0	 	-0.16602647240271295
454.0	 	1.1257804655042465
455.0	 	1.2533519654332794
456.0	 	0.5153760806516878
457.0	 	0.22275168545824364
458.0	 	-0.5697890070821687
459.0	 	-0.2996056676073273
460.0	 	0.25303706988590324
461.0	 	1.2386495714599555
462.0	 	-0.6122116781453419
463.0	 	-0.07626421831881558
464.0	 	-1.6118749810478414
465.0	 	-0.08423647700129333
466.0	 	-0.49336855087939924
467.0	 	0.9797444016573555
468.0	 	-0.44470625135222885
469.0	 	-1.6018066922107996
470.0	 	0.9678814951071333
471.0	 	0.655946202595878
472.0	 	-1.0451413698851848
473.0	 	-0.7121794798964842
474.0	 	-0.35855097400798197
475.0	 	1.2797415976807205
476.0	 	0.07948092263666062
477.0	 	-0.58603826164138
478.0	 	2.023636025529889
479.0	 	-0.051004382833331974
480.0	 	-1.6372724343128926
481.0	 	1.0248972487151908
482.0	 	-0.9033670812359418
483.0	 	0.18450426969748612
484.0	 	0.7495054864589363
485.0	 	-2.5987262448353454
486.0	 	0.10989066256072189
487.0	 	0.004334919914599666
488.0	 	0.18837146595318455
489.0	 	-0.10861668872140218
490.0	 	0.2833679774713671
491.0	 	-0.5799576189113385
492.0	 	0.045716505646685945
493.0	 	0.36831616394058386
494.0	 	-0.5673469794311945
495.0	 	-0.6452404395165079
496.0	 	0.44182549940058546
497.0	 	0.10898947601366071
498.0	 	-0.4840390255282241
499.0	 	0.9831635068185021

