% Signal from Computer Exercise
#500

0.0	 	5.6
1.0	 	5.6
2.0	 	5.4
3.0	 	5.4
4.0	 	5.5
5.0	 	5.5
6.0	 	5.4
7.0	 	5.3
8.0	 	5.4
9.0	 	5.4
10.0	 	5.3
11.0	 	5.3
12.0	 	5.3
13.0	 	5.3
14.0	 	5.2
15.0	 	5.2
16.0	 	5.2
17.0	 	5.2
18.0	 	5.1
19.0	 	5.1
20.0	 	5.2
21.0	 	5.1
22.0	 	5.0
23.0	 	5.0
24.0	 	5.1
25.0	 	5.1
26.0	 	5.0
27.0	 	4.9
28.0	 	5.0
29.0	 	5.0
30.0	 	4.9
31.0	 	4.9
32.0	 	4.9
33.0	 	4.9
34.0	 	4.8
35.0	 	4.8
36.0	 	4.8
37.0	 	4.8
38.0	 	4.7
39.0	 	4.7
40.0	 	4.8
41.0	 	4.7
42.0	 	4.7
43.0	 	4.6
44.0	 	4.7
45.0	 	4.7
46.0	 	4.6
47.0	 	4.6
48.0	 	4.6
49.0	 	4.6
50.0	 	4.5
51.0	 	4.5
52.0	 	4.5
53.0	 	4.5
54.0	 	4.4
55.0	 	4.4
56.0	 	4.5
57.0	 	4.5
58.0	 	4.4
59.0	 	4.3
60.0	 	4.4
61.0	 	4.4
62.0	 	4.3
63.0	 	4.3
64.0	 	4.3
65.0	 	4.3
66.0	 	4.2
67.0	 	4.2
68.0	 	4.3
69.0	 	4.2
70.0	 	4.2
71.0	 	4.1
72.0	 	4.2
73.0	 	4.2
74.0	 	4.1
75.0	 	4.1
76.0	 	4.1
77.0	 	4.1
78.0	 	4.0
79.0	 	4.0
80.0	 	4.1
81.0	 	4.0
82.0	 	4.0
83.0	 	3.9
84.0	 	4.0
85.0	 	4.0
86.0	 	3.9
87.0	 	3.9
88.0	 	3.9
89.0	 	3.9
90.0	 	3.8
91.0	 	3.8
92.0	 	3.9
93.0	 	3.8
94.0	 	3.8
95.0	 	3.8
96.0	 	3.8
97.0	 	3.8
98.0	 	3.7
99.0	 	3.7
100.0	 	3.7
101.0	 	3.7
102.0	 	3.6
103.0	 	3.6
104.0	 	3.7
105.0	 	3.7
106.0	 	3.6
107.0	 	3.6
108.0	 	3.6
109.0	 	3.6
110.0	 	3.5
111.0	 	3.5
112.0	 	3.6
113.0	 	3.5
114.0	 	3.5
115.0	 	3.5
116.0	 	3.5
117.0	 	3.5
118.0	 	3.4
119.0	 	3.4
120.0	 	3.4
121.0	 	3.4
122.0	 	3.4
123.0	 	3.3
124.0	 	3.4
125.0	 	3.4
126.0	 	3.3
127.0	 	3.3
128.0	 	3.3
129.0	 	3.3
130.0	 	3.2
131.0	 	3.2
132.0	 	3.3
133.0	 	3.3
134.0	 	3.2
135.0	 	3.2
136.0	 	3.2
137.0	 	3.2
138.0	 	3.1
139.0	 	3.1
140.0	 	3.2
141.0	 	3.1
142.0	 	3.1
143.0	 	3.1
144.0	 	3.1
145.0	 	3.1
146.0	 	3.0
147.0	 	3.0
148.0	 	3.1
149.0	 	3.0
150.0	 	3.0
151.0	 	3.0
152.0	 	3.0
153.0	 	3.0
154.0	 	2.9
155.0	 	2.9
156.0	 	2.9
157.0	 	2.9
158.0	 	2.9
159.0	 	2.9
160.0	 	2.9
161.0	 	2.9
162.0	 	2.8
163.0	 	2.8
164.0	 	2.8
165.0	 	2.8
166.0	 	2.8
167.0	 	2.8
168.0	 	2.8
169.0	 	2.8
170.0	 	2.7
171.0	 	2.7
172.0	 	2.7
173.0	 	2.7
174.0	 	2.7
175.0	 	2.7
176.0	 	2.7
177.0	 	2.7
178.0	 	2.6
179.0	 	2.6
180.0	 	2.7
181.0	 	2.6
182.0	 	2.6
183.0	 	2.6
184.0	 	2.6
185.0	 	2.6
186.0	 	2.5
187.0	 	2.5
188.0	 	2.6
189.0	 	2.6
190.0	 	2.5
191.0	 	2.5
192.0	 	2.5
193.0	 	2.5
194.0	 	2.4
195.0	 	2.4
196.0	 	2.5
197.0	 	2.5
198.0	 	2.4
199.0	 	2.4
200.0	 	2.4
201.0	 	2.4
202.0	 	2.4
203.0	 	2.4
204.0	 	2.4
205.0	 	2.4
206.0	 	2.3
207.0	 	2.3
208.0	 	2.3
209.0	 	2.3
210.0	 	2.3
211.0	 	2.3
212.0	 	2.3
213.0	 	2.3
214.0	 	2.2
215.0	 	2.2
216.0	 	2.3
217.0	 	2.2
218.0	 	2.2
219.0	 	2.2
220.0	 	2.2
221.0	 	2.2
222.0	 	2.2
223.0	 	2.1
224.0	 	2.2
225.0	 	2.2
226.0	 	2.1
227.0	 	2.1
228.0	 	2.1
229.0	 	2.1
230.0	 	2.1
231.0	 	2.1
232.0	 	2.1
233.0	 	2.1
234.0	 	2.0
235.0	 	2.0
236.0	 	2.1
237.0	 	2.0
238.0	 	2.0
239.0	 	2.0
240.0	 	2.0
241.0	 	2.0
242.0	 	2.0
243.0	 	2.0
244.0	 	2.0
245.0	 	2.0
246.0	 	1.9
247.0	 	1.9
248.0	 	1.9
249.0	 	1.9
250.0	 	1.9
251.0	 	1.9
252.0	 	1.9
253.0	 	1.9
254.0	 	1.9
255.0	 	1.8
256.0	 	1.9
257.0	 	1.9
258.0	 	1.8
259.0	 	1.8
260.0	 	1.8
261.0	 	1.8
262.0	 	1.8
263.0	 	1.8
264.0	 	1.8
265.0	 	1.8
266.0	 	1.7
267.0	 	1.7
268.0	 	1.8
269.0	 	1.8
270.0	 	1.7
271.0	 	1.7
272.0	 	1.7
273.0	 	1.7
274.0	 	1.7
275.0	 	1.7
276.0	 	1.7
277.0	 	1.7
278.0	 	1.6
279.0	 	1.6
280.0	 	1.7
281.0	 	1.7
282.0	 	1.6
283.0	 	1.6
284.0	 	1.6
285.0	 	1.6
286.0	 	1.6
287.0	 	1.6
288.0	 	1.6
289.0	 	1.6
290.0	 	1.5
291.0	 	1.5
292.0	 	1.6
293.0	 	1.6
294.0	 	1.5
295.0	 	1.5
296.0	 	1.5
297.0	 	1.5
298.0	 	1.5
299.0	 	1.5
300.0	 	1.5
301.0	 	1.5
302.0	 	1.5
303.0	 	1.4
304.0	 	1.5
305.0	 	1.5
306.0	 	1.4
307.0	 	1.4
308.0	 	1.4
309.0	 	1.4
310.0	 	1.4
311.0	 	1.4
312.0	 	1.4
313.0	 	1.4
314.0	 	1.4
315.0	 	1.4
316.0	 	1.4
317.0	 	1.4
318.0	 	1.3
319.0	 	1.3
320.0	 	1.3
321.0	 	1.3
322.0	 	1.3
323.0	 	1.3
324.0	 	1.3
325.0	 	1.3
326.0	 	1.3
327.0	 	1.3
328.0	 	1.3
329.0	 	1.3
330.0	 	1.3
331.0	 	1.2
332.0	 	1.3
333.0	 	1.3
334.0	 	1.2
335.0	 	1.2
336.0	 	1.2
337.0	 	1.2
338.0	 	1.2
339.0	 	1.2
340.0	 	1.2
341.0	 	1.2
342.0	 	1.2
343.0	 	1.2
344.0	 	1.2
345.0	 	1.2
346.0	 	1.1
347.0	 	1.1
348.0	 	1.2
349.0	 	1.2
350.0	 	1.1
351.0	 	1.1
352.0	 	1.1
353.0	 	1.1
354.0	 	1.1
355.0	 	1.1
356.0	 	1.1
357.0	 	1.1
358.0	 	1.1
359.0	 	1.1
360.0	 	1.1
361.0	 	1.1
362.0	 	1.0
363.0	 	1.0
364.0	 	1.1
365.0	 	1.0
366.0	 	1.0
367.0	 	1.0
368.0	 	1.0
369.0	 	1.0
370.0	 	1.0
371.0	 	1.0
372.0	 	1.0
373.0	 	1.0
374.0	 	1.0
375.0	 	1.0
376.0	 	1.0
377.0	 	1.0
378.0	 	0.9
379.0	 	0.9
380.0	 	1.0
381.0	 	1.0
382.0	 	0.9
383.0	 	0.9
384.0	 	0.9
385.0	 	0.9
386.0	 	0.9
387.0	 	0.9
388.0	 	0.9
389.0	 	0.9
390.0	 	0.9
391.0	 	0.9
392.0	 	0.9
393.0	 	0.9
394.0	 	0.9
395.0	 	0.8
396.0	 	0.9
397.0	 	0.9
398.0	 	0.8
399.0	 	0.8
400.0	 	0.8
401.0	 	0.8
402.0	 	0.8
403.0	 	0.8
404.0	 	0.8
405.0	 	0.8
406.0	 	0.8
407.0	 	0.8
408.0	 	0.8
409.0	 	0.8
410.0	 	0.8
411.0	 	0.8
412.0	 	0.8
413.0	 	0.8
414.0	 	0.7
415.0	 	0.7
416.0	 	0.8
417.0	 	0.8
418.0	 	0.7
419.0	 	0.7
420.0	 	0.7
421.0	 	0.7
422.0	 	0.7
423.0	 	0.7
424.0	 	0.7
425.0	 	0.7
426.0	 	0.7
427.0	 	0.7
428.0	 	0.7
429.0	 	0.7
430.0	 	0.7
431.0	 	0.7
432.0	 	0.7
433.0	 	0.7
434.0	 	0.6
435.0	 	0.6
436.0	 	0.7
437.0	 	0.7
438.0	 	0.6
439.0	 	0.6
440.0	 	0.6
441.0	 	0.6
442.0	 	0.6
443.0	 	0.6
444.0	 	0.6
445.0	 	0.6
446.0	 	0.6
447.0	 	0.6
448.0	 	0.6
449.0	 	0.6
450.0	 	0.6
451.0	 	0.6
452.0	 	0.6
453.0	 	0.6
454.0	 	0.6
455.0	 	0.6
456.0	 	0.6
457.0	 	0.6
458.0	 	0.5
459.0	 	0.5
460.0	 	0.5
461.0	 	0.5
462.0	 	0.5
463.0	 	0.5
464.0	 	0.5
465.0	 	0.5
466.0	 	0.5
467.0	 	0.5
468.0	 	0.5
469.0	 	0.5
470.0	 	0.5
471.0	 	0.5
472.0	 	0.5
473.0	 	0.5
474.0	 	0.5
475.0	 	0.5
476.0	 	0.5
477.0	 	0.5
478.0	 	0.5
479.0	 	0.5
480.0	 	0.5
481.0	 	0.5
482.0	 	0.4
483.0	 	0.4
484.0	 	0.4
485.0	 	0.4
486.0	 	0.4
487.0	 	0.4
488.0	 	0.4
489.0	 	0.4
490.0	 	0.4
491.0	 	0.4
492.0	 	0.4
493.0	 	0.4
494.0	 	0.4
495.0	 	0.4
496.0	 	0.4
497.0	 	0.4
498.0	 	0.4
499.0	 	0.4

