% Signal from Computer Exercise
#500

0.0	 	5.6
1.0	 	5.699999999999999
2.0	 	5.5
3.0	 	5.6000000000000005
4.0	 	5.7
5.0	 	5.8
6.0	 	5.800000000000001
7.0	 	5.7
8.0	 	5.9
9.0	 	5.9
10.0	 	5.8999999999999995
11.0	 	5.8999999999999995
12.0	 	6.0
13.0	 	6.0
14.0	 	6.0
15.0	 	6.0
16.0	 	6.0
17.0	 	6.1000000000000005
18.0	 	6.0
19.0	 	6.0
20.0	 	6.2
21.0	 	6.1
22.0	 	6.0
23.0	 	6.0
24.0	 	6.1
25.0	 	6.1
26.0	 	6.0
27.0	 	5.9
28.0	 	6.0
29.0	 	6.0
30.0	 	5.9
31.0	 	5.800000000000001
32.0	 	5.800000000000001
33.0	 	5.800000000000001
34.0	 	5.6
35.0	 	5.6
36.0	 	5.6
37.0	 	5.5
38.0	 	5.4
39.0	 	5.3
40.0	 	5.3999999999999995
41.0	 	5.2
42.0	 	5.2
43.0	 	5.0
44.0	 	5.1000000000000005
45.0	 	5.0
46.0	 	4.8
47.0	 	4.8
48.0	 	4.699999999999999
49.0	 	4.699999999999999
50.0	 	4.5
51.0	 	4.4
52.0	 	4.4
53.0	 	4.3
54.0	 	4.2
55.0	 	4.1000000000000005
56.0	 	4.1
57.0	 	4.1
58.0	 	3.9000000000000004
59.0	 	3.8
60.0	 	3.8000000000000003
61.0	 	3.8000000000000003
62.0	 	3.5999999999999996
63.0	 	3.5999999999999996
64.0	 	3.5
65.0	 	3.5
66.0	 	3.4000000000000004
67.0	 	3.3000000000000003
68.0	 	3.4
69.0	 	3.3000000000000003
70.0	 	3.2
71.0	 	3.0999999999999996
72.0	 	3.2
73.0	 	3.2
74.0	 	3.0999999999999996
75.0	 	3.0999999999999996
76.0	 	3.0999999999999996
77.0	 	3.0999999999999996
78.0	 	3.0
79.0	 	3.0
80.0	 	3.0999999999999996
81.0	 	3.1
82.0	 	3.1
83.0	 	3.0
84.0	 	3.2
85.0	 	3.2
86.0	 	3.0999999999999996
87.0	 	3.2
88.0	 	3.2
89.0	 	3.3
90.0	 	3.1999999999999997
91.0	 	3.3
92.0	 	3.4
93.0	 	3.4
94.0	 	3.4
95.0	 	3.5
96.0	 	3.5999999999999996
97.0	 	3.5999999999999996
98.0	 	3.6
99.0	 	3.6
100.0	 	3.7
101.0	 	3.8000000000000003
102.0	 	3.7
103.0	 	3.8000000000000003
104.0	 	3.9000000000000004
105.0	 	4.0
106.0	 	4.0
107.0	 	4.0
108.0	 	4.1
109.0	 	4.1
110.0	 	4.1
111.0	 	4.1
112.0	 	4.3
113.0	 	4.2
114.0	 	4.3
115.0	 	4.3
116.0	 	4.3
117.0	 	4.4
118.0	 	4.3
119.0	 	4.3
120.0	 	4.4
121.0	 	4.4
122.0	 	4.4
123.0	 	4.3
124.0	 	4.4
125.0	 	4.4
126.0	 	4.3
127.0	 	4.3
128.0	 	4.3
129.0	 	4.3
130.0	 	4.2
131.0	 	4.1000000000000005
132.0	 	4.2
133.0	 	4.2
134.0	 	4.0
135.0	 	4.0
136.0	 	4.0
137.0	 	3.9000000000000004
138.0	 	3.8
139.0	 	3.7
140.0	 	3.8000000000000003
141.0	 	3.6
142.0	 	3.6
143.0	 	3.5
144.0	 	3.5
145.0	 	3.4
146.0	 	3.2
147.0	 	3.2
148.0	 	3.2
149.0	 	3.1
150.0	 	3.0
151.0	 	2.9
152.0	 	2.9
153.0	 	2.8
154.0	 	2.6999999999999997
155.0	 	2.6
156.0	 	2.5
157.0	 	2.5
158.0	 	2.4
159.0	 	2.4
160.0	 	2.3
161.0	 	2.3
162.0	 	2.0999999999999996
163.0	 	2.0999999999999996
164.0	 	1.9999999999999998
165.0	 	1.9999999999999998
166.0	 	1.9999999999999998
167.0	 	1.9
168.0	 	1.9
169.0	 	1.9
170.0	 	1.7000000000000002
171.0	 	1.7000000000000002
172.0	 	1.7000000000000002
173.0	 	1.7000000000000002
174.0	 	1.7000000000000002
175.0	 	1.7000000000000002
176.0	 	1.7000000000000002
177.0	 	1.7000000000000002
178.0	 	1.6
179.0	 	1.6
180.0	 	1.7000000000000002
181.0	 	1.7000000000000002
182.0	 	1.7000000000000002
183.0	 	1.7000000000000002
184.0	 	1.8
185.0	 	1.8
186.0	 	1.7
187.0	 	1.8
188.0	 	1.9000000000000001
189.0	 	2.0
190.0	 	1.9
191.0	 	2.0
192.0	 	2.0
193.0	 	2.1
194.0	 	2.0
195.0	 	2.1
196.0	 	2.3
197.0	 	2.3
198.0	 	2.3
199.0	 	2.3
200.0	 	2.4
201.0	 	2.5
202.0	 	2.5
203.0	 	2.6
204.0	 	2.6
205.0	 	2.6999999999999997
206.0	 	2.6999999999999997
207.0	 	2.6999999999999997
208.0	 	2.8
209.0	 	2.8
210.0	 	2.9
211.0	 	2.9
212.0	 	3.0
213.0	 	3.0
214.0	 	3.0
215.0	 	3.0
216.0	 	3.0999999999999996
217.0	 	3.1
218.0	 	3.1
219.0	 	3.1
220.0	 	3.2
221.0	 	3.2
222.0	 	3.2
223.0	 	3.1
224.0	 	3.2
225.0	 	3.2
226.0	 	3.1
227.0	 	3.1
228.0	 	3.1
229.0	 	3.1
230.0	 	3.1
231.0	 	3.0
232.0	 	3.0
233.0	 	3.0
234.0	 	2.8
235.0	 	2.8
236.0	 	2.9000000000000004
237.0	 	2.7
238.0	 	2.7
239.0	 	2.6
240.0	 	2.6
241.0	 	3.5
242.0	 	3.5
243.0	 	3.4
244.0	 	3.4
245.0	 	3.3
246.0	 	3.1
247.0	 	3.1
248.0	 	3.0
249.0	 	3.0
250.0	 	2.9
251.0	 	2.8
252.0	 	2.8
253.0	 	2.7
254.0	 	2.7
255.0	 	2.5
256.0	 	2.5
257.0	 	2.5
258.0	 	2.3
259.0	 	2.3
260.0	 	2.2
261.0	 	2.2
262.0	 	2.1
263.0	 	2.1
264.0	 	2.0
265.0	 	2.0
266.0	 	1.9
267.0	 	1.7999999999999998
268.0	 	1.9
269.0	 	1.9
270.0	 	1.7
271.0	 	1.7
272.0	 	1.7
273.0	 	1.7
274.0	 	1.7
275.0	 	1.7
276.0	 	1.7
277.0	 	1.7
278.0	 	1.6
279.0	 	1.6
280.0	 	1.7
281.0	 	1.7999999999999998
282.0	 	1.7000000000000002
283.0	 	1.7000000000000002
284.0	 	1.8
285.0	 	1.8
286.0	 	1.8
287.0	 	1.9000000000000001
288.0	 	1.9000000000000001
289.0	 	2.0
290.0	 	1.9
291.0	 	2.0
292.0	 	2.1
293.0	 	2.2
294.0	 	2.1
295.0	 	2.2
296.0	 	2.3
297.0	 	2.3
298.0	 	2.4
299.0	 	2.4
300.0	 	-0.5
301.0	 	-0.3999999999999999
302.0	 	-0.3999999999999999
303.0	 	-0.40000000000000013
304.0	 	-0.30000000000000004
305.0	 	-0.19999999999999996
306.0	 	-0.20000000000000018
307.0	 	-0.20000000000000018
308.0	 	-0.10000000000000009
309.0	 	-0.10000000000000009
310.0	 	0.0
311.0	 	0.0
312.0	 	0.09999999999999964
313.0	 	0.09999999999999964
314.0	 	0.20000000000000018
315.0	 	0.20000000000000018
316.0	 	0.20000000000000018
317.0	 	0.2999999999999998
318.0	 	0.20000000000000018
319.0	 	0.20000000000000018
320.0	 	0.2999999999999998
321.0	 	0.2999999999999998
322.0	 	0.2999999999999998
323.0	 	0.2999999999999998
324.0	 	0.2999999999999998
325.0	 	0.2999999999999998
326.0	 	0.2999999999999998
327.0	 	0.2999999999999998
328.0	 	0.2999999999999998
329.0	 	0.2999999999999998
330.0	 	0.2999999999999998
331.0	 	0.10000000000000009
332.0	 	0.20000000000000018
333.0	 	0.20000000000000018
334.0	 	0.0
335.0	 	0.0
336.0	 	0.0
337.0	 	-0.10000000000000009
338.0	 	-0.10000000000000009
339.0	 	-0.20000000000000018
340.0	 	-0.20000000000000018
341.0	 	-0.30000000000000004
342.0	 	-0.30000000000000004
343.0	 	-0.3999999999999999
344.0	 	-0.3999999999999999
345.0	 	-0.5
346.0	 	-0.7
347.0	 	-0.7
348.0	 	-0.7
349.0	 	-0.7
350.0	 	-0.8999999999999999
351.0	 	-1.0
352.0	 	-1.0
353.0	 	-1.0999999999999999
354.0	 	-1.0999999999999999
355.0	 	-1.2
356.0	 	-1.2999999999999998
357.0	 	-1.2999999999999998
358.0	 	-1.4
359.0	 	-1.4
360.0	 	-1.5
361.0	 	-1.5
362.0	 	-1.7
363.0	 	-1.7
364.0	 	-1.7
365.0	 	-1.8
366.0	 	-1.8
367.0	 	-1.9
368.0	 	-1.9
369.0	 	-1.9
370.0	 	-2.0
371.0	 	-2.0
372.0	 	-2.0
373.0	 	-2.0
374.0	 	-2.0
375.0	 	-2.0
376.0	 	-2.0
377.0	 	-2.0
378.0	 	-2.1
379.0	 	-2.1
380.0	 	0.0
381.0	 	0.09999999999999998
382.0	 	0.0
383.0	 	0.0
384.0	 	0.09999999999999998
385.0	 	0.09999999999999998
386.0	 	0.09999999999999998
387.0	 	0.20000000000000007
388.0	 	0.20000000000000007
389.0	 	0.30000000000000004
390.0	 	0.30000000000000004
391.0	 	0.4
392.0	 	0.4
393.0	 	0.5
394.0	 	0.5
395.0	 	0.5
396.0	 	0.7
397.0	 	0.7
398.0	 	0.7000000000000001
399.0	 	0.7000000000000001
400.0	 	0.8
401.0	 	0.9
402.0	 	0.9
403.0	 	1.0
404.0	 	1.0
405.0	 	1.1
406.0	 	1.2000000000000002
407.0	 	1.2000000000000002
408.0	 	1.3
409.0	 	1.3
410.0	 	1.4
411.0	 	1.4
412.0	 	1.5
413.0	 	1.5
414.0	 	1.5
415.0	 	1.5
416.0	 	1.6
417.0	 	1.7000000000000002
418.0	 	1.6
419.0	 	1.6
420.0	 	1.7
421.0	 	1.7
422.0	 	1.7
423.0	 	1.7
424.0	 	1.7
425.0	 	1.7
426.0	 	1.7
427.0	 	1.7
428.0	 	1.7
429.0	 	1.7
430.0	 	1.7
431.0	 	1.6
432.0	 	1.6
433.0	 	1.6
434.0	 	1.4
435.0	 	1.4
436.0	 	1.5
437.0	 	1.4
438.0	 	1.2999999999999998
439.0	 	1.2
440.0	 	1.2
441.0	 	1.1
442.0	 	1.1
443.0	 	1.0
444.0	 	1.0
445.0	 	0.8999999999999999
446.0	 	0.8
447.0	 	0.8
448.0	 	0.7
449.0	 	0.7
450.0	 	0.6
451.0	 	0.5
452.0	 	0.5
453.0	 	0.39999999999999997
454.0	 	0.39999999999999997
455.0	 	0.3
456.0	 	0.19999999999999996
457.0	 	0.19999999999999996
458.0	 	0.0
459.0	 	0.0
460.0	 	-0.09999999999999998
461.0	 	-0.09999999999999998
462.0	 	-0.19999999999999996
463.0	 	-0.19999999999999996
464.0	 	-0.30000000000000004
465.0	 	-0.30000000000000004
466.0	 	-0.30000000000000004
467.0	 	-0.4
468.0	 	-0.4
469.0	 	-0.4
470.0	 	-0.5
471.0	 	-0.5
472.0	 	-0.5
473.0	 	-0.5
474.0	 	-0.5
475.0	 	-0.5
476.0	 	-0.5
477.0	 	-0.5
478.0	 	-0.5
479.0	 	-0.5
480.0	 	-0.5
481.0	 	-0.4
482.0	 	-0.5
483.0	 	-0.5
484.0	 	-0.4
485.0	 	-0.4
486.0	 	-0.4
487.0	 	-0.29999999999999993
488.0	 	-0.29999999999999993
489.0	 	-0.19999999999999996
490.0	 	-0.19999999999999996
491.0	 	-0.09999999999999998
492.0	 	-0.09999999999999998
493.0	 	0.0
494.0	 	0.0
495.0	 	0.10000000000000003
496.0	 	0.2
497.0	 	0.2
498.0	 	0.30000000000000004
499.0	 	0.30000000000000004

