% Signal from Computer Exercise
#500

0.0	 	0.0
1.0	 	0.285
2.0	 	0.5457500000000001
3.0	 	0.7984625
4.0	 	1.043539375
5.0	 	1.2813624062499998
6.0	 	1.5072942859374998
7.0	 	1.7169295716406248
8.0	 	1.9260830930585935
9.0	 	2.124778938405664
10.0	 	2.3135399914853805
11.0	 	2.4928629919111116
12.0	 	2.6682198423155556
13.0	 	2.8348088501997784
14.0	 	2.9930684076897895
15.0	 	3.1434149873052997
16.0	 	3.2862442379400347
17.0	 	3.426932026043033
18.0	 	3.5555854247408814
19.0	 	3.6778061535038367
20.0	 	3.803915845828645
21.0	 	3.918720053537212
22.0	 	4.022784050860351
23.0	 	4.121644848317334
24.0	 	4.220562605901467
25.0	 	4.3145344756063935
26.0	 	4.398807751826073
27.0	 	4.47386736423477
28.0	 	4.550173996023031
29.0	 	4.6226652962218795
30.0	 	4.686532031410785
31.0	 	4.742205429840245
32.0	 	4.795095158348233
33.0	 	4.845340400430821
34.0	 	4.8830733804092805
35.0	 	4.918919711388816
36.0	 	4.952973725819375
37.0	 	4.980325039528407
38.0	 	5.001308787551987
39.0	 	5.016243348174388
40.0	 	5.035431180765668
41.0	 	5.043659621727385
42.0	 	5.051476640641017
43.0	 	5.0489028086089665
44.0	 	5.051457668178518
45.0	 	5.048884784769593
46.0	 	5.036440545531112
47.0	 	5.024618518254556
48.0	 	5.008387592341829
49.0	 	4.992968212724736
50.0	 	4.968319802088499
51.0	 	4.939903811984073
52.0	 	4.912908621384869
53.0	 	4.882263190315625
54.0	 	4.848150030799843
55.0	 	4.8107425292598505
56.0	 	4.775205402796858
57.0	 	4.741445132657014
58.0	 	4.699372876024162
59.0	 	4.654404232222954
60.0	 	4.611684020611806
61.0	 	4.571099819581215
62.0	 	4.522544828602154
63.0	 	4.476417587172046
64.0	 	4.427596707813443
65.0	 	4.381216872422771
66.0	 	4.332156028801632
67.0	 	4.28054822736155
68.0	 	4.236520815993472
69.0	 	4.189694775193798
70.0	 	4.140210036434109
71.0	 	4.088199534612403
72.0	 	4.043789557881782
73.0	 	4.001600079987693
74.0	 	3.9565200759883083
75.0	 	3.9136940721888926
76.0	 	3.873009368579448
77.0	 	3.834358900150476
78.0	 	3.792640955142952
79.0	 	3.7530089073858037
80.0	 	3.720358462016513
81.0	 	3.6893405389156877
82.0	 	3.659873511969903
83.0	 	3.626879836371408
84.0	 	3.605535844552837
85.0	 	3.585259052325195
86.0	 	3.560996099708935
87.0	 	3.5429462947234884
88.0	 	3.5257989799873135
89.0	 	3.514509030987948
90.0	 	3.498783579438551
91.0	 	3.4888444004666233
92.0	 	3.484402180443292
93.0	 	3.480182071421128
94.0	 	3.4761729678500712
95.0	 	3.4773643194575676
96.0	 	3.483496103484689
97.0	 	3.4893212983104545
98.0	 	3.494855233394931
99.0	 	3.500112471725185
100.0	 	3.5101068481389257
101.0	 	3.5246015057319795
102.0	 	3.5333714304453805
103.0	 	3.5467028589231115
104.0	 	3.564367715976956
105.0	 	3.5861493301781078
106.0	 	3.6068418636692026
107.0	 	3.6264997704857427
108.0	 	3.6501747819614554
109.0	 	3.6726660428633826
110.0	 	3.694032740720213
111.0	 	3.7143311036842017
112.0	 	3.743614548499992
113.0	 	3.766433821074992
114.0	 	3.793112130021242
115.0	 	3.8184565235201795
116.0	 	3.8425336973441704
117.0	 	3.8704070124769614
118.0	 	3.891886661853113
119.0	 	3.9122923287604574
120.0	 	3.9366777123224344
121.0	 	3.9598438267063125
122.0	 	3.9818516353709965
123.0	 	3.9977590536024463
124.0	 	4.017871100922324
125.0	 	4.036977545876208
126.0	 	4.0501286685823965
127.0	 	4.062622235153277
128.0	 	4.074491123395613
129.0	 	4.085766567225832
130.0	 	4.091478238864541
131.0	 	4.091904326921314
132.0	 	4.097309110575249
133.0	 	4.102443655046486
134.0	 	4.097321472294161
135.0	 	4.092455398679453
136.0	 	4.08783262874548
137.0	 	4.078440997308206
138.0	 	4.064518947442796
139.0	 	4.046293000070655
140.0	 	4.033978350067122
141.0	 	4.012279432563766
142.0	 	3.9916654609355775
143.0	 	3.9670821878887983
144.0	 	3.9437280784943582
145.0	 	3.9165416745696406
146.0	 	3.880714590841158
147.0	 	3.8466788612991
148.0	 	3.814344918234145
149.0	 	3.778627672322437
150.0	 	3.739696288706315
151.0	 	3.697711474270999
152.0	 	3.657825900557449
153.0	 	3.614934605529576
154.0	 	3.569187875253097
155.0	 	3.520728481490442
156.0	 	3.4696920574159194
157.0	 	3.421207454545123
158.0	 	3.3701470818178665
159.0	 	3.321639727726973
160.0	 	3.2705577413406246
161.0	 	3.2220298542735932
162.0	 	3.1659283615599136
163.0	 	3.112631943481918
164.0	 	3.057000346307822
165.0	 	3.004150328992431
166.0	 	2.953942812542809
167.0	 	2.9012456719156687
168.0	 	2.8511833883198854
169.0	 	2.803624218903891
170.0	 	2.7484430079586963
171.0	 	2.6960208575607614
172.0	 	2.6462198146827234
173.0	 	2.5989088239485874
174.0	 	2.5539633827511574
175.0	 	2.5112652136136
176.0	 	2.47070195293292
177.0	 	2.4321668552862743
178.0	 	2.3905585125219604
179.0	 	2.3510305868958623
180.0	 	2.3184790575510688
181.0	 	2.287555104673515
182.0	 	2.2581773494398387
183.0	 	2.2302684819678467
184.0	 	2.208755057869454
185.0	 	2.1883173049759814
186.0	 	2.1639014397271823
187.0	 	2.145706367740823
188.0	 	2.1334210493537813
189.0	 	2.126749996886092
190.0	 	2.1154124970417874
191.0	 	2.1096418721896977
192.0	 	2.104159778580213
193.0	 	2.103951789651202
194.0	 	2.098754200168642
195.0	 	2.0988164901602104
196.0	 	2.1088756656522
197.0	 	2.1184318823695896
198.0	 	2.12751028825111
199.0	 	2.1361347738385548
200.0	 	2.149328035146627
201.0	 	2.1668616333892956
202.0	 	2.183518551719831
203.0	 	2.2043426241338393
204.0	 	2.2241254929271475
205.0	 	2.2479192182807903
206.0	 	2.27052325736675
207.0	 	2.291997094498413
208.0	 	2.317397239773492
209.0	 	2.3415273777848173
210.0	 	2.369451008895577
211.0	 	2.3959784584507977
212.0	 	2.426179535528258
213.0	 	2.454870558751845
214.0	 	2.4821270308142522
215.0	 	2.5080206792735393
216.0	 	2.5376196453098623
217.0	 	2.565738663044369
218.0	 	2.59245172989215
219.0	 	2.6178291433975422
220.0	 	2.646937686227665
221.0	 	2.6745908019162816
222.0	 	2.7008612618204673
223.0	 	2.7208181987294435
224.0	 	2.744777288792971
225.0	 	2.7675384243533223
226.0	 	2.784161503135656
227.0	 	2.7999534279788727
228.0	 	2.8149557565799292
229.0	 	2.829207968750932
230.0	 	2.8427475703133855
231.0	 	2.8506101917977165
232.0	 	2.8580796822078307
233.0	 	2.8651756980974388
234.0	 	2.8619169131925672
235.0	 	2.858821067532939
236.0	 	2.8608800141562916
237.0	 	2.8528360134484774
238.0	 	2.8451942127760534
239.0	 	2.8329345021372507
240.0	 	2.821287777030388
241.0	 	2.8552233881788682
242.0	 	2.8874622187699255
243.0	 	2.9130891078314285
244.0	 	2.9374346524398574
245.0	 	2.955562919817864
246.0	 	2.962784773826971
247.0	 	2.969645535135623
248.0	 	2.971163258378841
249.0	 	2.9726050954598993
250.0	 	2.9689748406869043
251.0	 	2.960526098652559
252.0	 	2.952499793719931
253.0	 	2.9398748040339346
254.0	 	2.9278810638322375
255.0	 	2.9064870106406255
256.0	 	2.8861626601085946
257.0	 	2.8668545271031647
258.0	 	2.838511800748006
259.0	 	2.811586210710606
260.0	 	2.7810069001750755
261.0	 	2.7519565551663216
262.0	 	2.7193587274080055
263.0	 	2.6883907910376053
264.0	 	2.653971251485725
265.0	 	2.6212726889114384
266.0	 	2.5852090544658664
267.0	 	2.545948601742573
268.0	 	2.513651171655445
269.0	 	2.4829686130726722
270.0	 	2.4438201824190386
271.0	 	2.4066291732980867
272.0	 	2.371297714633182
273.0	 	2.337732828901523
274.0	 	2.3058461874564466
275.0	 	2.275553878083624
276.0	 	2.246776184179443
277.0	 	2.2194373749704708
278.0	 	2.1884655062219474
279.0	 	2.15904223091085
280.0	 	2.1360901193653072
281.0	 	2.119285613397042
282.0	 	2.09832133272719
283.0	 	2.0784052660908303
284.0	 	2.064485002786289
285.0	 	2.051260752646974
286.0	 	2.0386977150146257
287.0	 	2.0317628292638945
288.0	 	2.0251746878006998
289.0	 	2.0239159534106648
290.0	 	2.017720155740131
291.0	 	2.0168341479531247
292.0	 	2.0209924405554682
293.0	 	2.029942818527695
294.0	 	2.03344567760131
295.0	 	2.0417733937212446
296.0	 	2.054684724035182
297.0	 	2.0669504878334233
298.0	 	2.0836029634417517
299.0	 	2.099422815269664
300.0	 	1.9694516745061807
301.0	 	1.8509790907808714
302.0	 	1.738430136241828
303.0	 	1.6315086294297365
304.0	 	1.5349331979582495
305.0	 	1.448186538060337
306.0	 	1.36577721115732
307.0	 	1.287488350599454
308.0	 	1.2181139330694815
309.0	 	1.1522082364160076
310.0	 	1.094597824595207
311.0	 	1.0398679333654468
312.0	 	0.9928745366971745
313.0	 	0.9482308098623158
314.0	 	0.9108192693692002
315.0	 	0.8752783059007403
316.0	 	0.841514390605703
317.0	 	0.8144386710754179
318.0	 	0.7837167375216468
319.0	 	0.7545309006455646
320.0	 	0.7318043556132864
321.0	 	0.7102141378326217
322.0	 	0.6897034309409906
323.0	 	0.670218259393941
324.0	 	0.6517073464242438
325.0	 	0.6341219791030315
326.0	 	0.6174158801478797
327.0	 	0.6015450861404859
328.0	 	0.5864678318334611
329.0	 	0.5721444402417879
330.0	 	0.5585372182296986
331.0	 	0.5356103573182136
332.0	 	0.5188298394523028
333.0	 	0.5028883474796875
334.0	 	0.47774393010570315
335.0	 	0.4538567336004182
336.0	 	0.43116389692039725
337.0	 	0.4046057020743772
338.0	 	0.37937541697065846
339.0	 	0.35040664612212535
340.0	 	0.32288631381601895
341.0	 	0.29174199812521806
342.0	 	0.2621548982189572
343.0	 	0.2290471533080094
344.0	 	0.19759479564260896
345.0	 	0.16271505586047819
346.0	 	0.11957930306745435
347.0	 	0.07860033791408116
348.0	 	0.03967032101837731
349.0	 	0.0026868049674582117
350.0	 	-0.04244753528091483
351.0	 	-0.09032515851686918
352.0	 	-0.13580890059102568
353.0	 	-0.18401845556147478
354.0	 	-0.2298175327834011
355.0	 	-0.27832665614423124
356.0	 	-0.3294103233370198
357.0	 	-0.37793980717016895
358.0	 	-0.4290428168116607
359.0	 	-0.47759067597107774
360.0	 	-0.5287111421725239
361.0	 	-0.5772755850638978
362.0	 	-0.633411805810703
363.0	 	-0.686741215520168
364.0	 	-0.7374041547441594
365.0	 	-0.7905339470069515
366.0	 	-0.8410072496566039
367.0	 	-0.8939568871737738
368.0	 	-0.9442590428150852
369.0	 	-0.992046090674331
370.0	 	-1.0424437861406144
371.0	 	-1.0903215968335838
372.0	 	-1.1358055169919046
373.0	 	-1.1790152411423094
374.0	 	-1.220064479085194
375.0	 	-1.2590612551309344
376.0	 	-1.2961081923743873
377.0	 	-1.3313027827556683
378.0	 	-1.369737643617885
379.0	 	-1.4062507614369908
380.0	 	-1.3359382233651413
381.0	 	-1.2641413121968843
382.0	 	-1.20093424658704
383.0	 	-1.140887534257688
384.0	 	-1.0788431575448034
385.0	 	-1.0199009996675636
386.0	 	-0.9639059496841855
387.0	 	-0.9057106521999762
388.0	 	-0.8504251195899772
389.0	 	-0.7929038636104784
390.0	 	-0.7382586704299544
391.0	 	-0.6813457369084566
392.0	 	-0.6272784500630338
393.0	 	-0.5709145275598821
394.0	 	-0.517368801181888
395.0	 	-0.4665003611227936
396.0	 	-0.4081753430666538
397.0	 	-0.35276657591332106
398.0	 	-0.30012824711765484
399.0	 	-0.2501218347617721
400.0	 	-0.19761574302368345
401.0	 	-0.1427349558724993
402.0	 	-0.0905982080788742
403.0	 	-0.03606829767493047
404.0	 	0.01573511720881604
405.0	 	0.06994836134837523
406.0	 	0.12645094328095646
407.0	 	0.18012839611690862
408.0	 	0.2361219763110632
409.0	 	0.28931587749551
410.0	 	0.34485008362073455
411.0	 	0.3976075794396979
412.0	 	0.4527272004677129
413.0	 	0.5050908404443273
414.0	 	0.5548362984221109
415.0	 	0.6020944835010055
416.0	 	0.6519897593259553
417.0	 	0.7043902713596575
418.0	 	0.7491707577916746
419.0	 	0.791712219902091
420.0	 	0.8371266089069863
421.0	 	0.8802702784616371
422.0	 	0.9212567645385552
423.0	 	0.9601939263116273
424.0	 	0.9971842299960461
425.0	 	1.0323250184962436
426.0	 	1.0657087675714316
427.0	 	1.09742332919286
428.0	 	1.1275521627332168
429.0	 	1.1561745545965558
430.0	 	1.1833658268667282
431.0	 	1.2041975355233916
432.0	 	1.2239876587472223
433.0	 	1.242788275809861
434.0	 	1.250648862019368
435.0	 	1.2581164189183995
436.0	 	1.2702105979724796
437.0	 	1.2767000680738558
438.0	 	1.277865064670163
439.0	 	1.2739718114366547
440.0	 	1.270273220864822
441.0	 	1.2617595598215812
442.0	 	1.253671581830502
443.0	 	1.240988002738977
444.0	 	1.2289386026020281
445.0	 	1.2124916724719266
446.0	 	1.1918670888483303
447.0	 	1.172273734405914
448.0	 	1.1486600476856181
449.0	 	1.1262270453013372
450.0	 	1.0999156930362703
451.0	 	1.0699199083844566
452.0	 	1.0414239129652338
453.0	 	1.009352717316972
454.0	 	0.9788850814511235
455.0	 	0.9449408273785673
456.0	 	0.9076937860096389
457.0	 	0.8723090967091569
458.0	 	0.8286936418736991
459.0	 	0.787258959780014
460.0	 	0.7428960117910134
461.0	 	0.7007512112014628
462.0	 	0.6557136506413895
463.0	 	0.61292796810932
464.0	 	0.567281569703854
465.0	 	0.5239174912186614
466.0	 	0.4827216166577284
467.0	 	0.4385855358248419
468.0	 	0.3966562590335998
469.0	 	0.3568234460819198
470.0	 	0.31398227377782384
471.0	 	0.27328316008893266
472.0	 	0.23461900208448605
473.0	 	0.1978880519802618
474.0	 	0.16299364938124866
475.0	 	0.1298439669121863
476.0	 	0.09835176856657699
477.0	 	0.06843418013824815
478.0	 	0.040012471131335776
479.0	 	0.013011847574769031
480.0	 	-0.012638744803969365
481.0	 	-0.03200680756377086
482.0	 	-0.05540646718558229
483.0	 	-0.07763614382630318
484.0	 	-0.09375433663498811
485.0	 	-0.10906661980323876
486.0	 	-0.12361328881307686
487.0	 	-0.132432624372423
488.0	 	-0.14081099315380194
489.0	 	-0.14377044349611184
490.0	 	-0.1465819213213063
491.0	 	-0.144252825255241
492.0	 	-0.14204018399247897
493.0	 	-0.13493817479285503
494.0	 	-0.12819126605321224
495.0	 	-0.11678170275055161
496.0	 	-0.10094261761302399
497.0	 	-0.08589548673237281
498.0	 	-0.06660071239575417
499.0	 	-0.048270676775966484

