% Signal from Computer Exercise
#500

0.0	 	3.128637334745848
1.0	 	3.419720020561397
2.0	 	3.7080547643562483
3.0	 	3.9575604831969087
4.0	 	4.246826677085662
5.0	 	4.575014142866944
6.0	 	4.8642688470683035
7.0	 	5.087749583873597
8.0	 	5.4372686852126755
9.0	 	5.721279704161545
10.0	 	5.953766532795557
11.0	 	6.114416086766911
12.0	 	6.0499967180823635
13.0	 	6.029006245700181
14.0	 	6.0905476655218225
15.0	 	6.175380964972458
16.0	 	6.196856038026953
17.0	 	6.11354432189745
18.0	 	6.147691475143568
19.0	 	6.077168081331602
20.0	 	6.138400104313672
21.0	 	6.188815419439199
22.0	 	6.189647554942176
23.0	 	6.2434923068850505
24.0	 	6.285817754801532
25.0	 	6.340682747170252
26.0	 	6.288223694431519
27.0	 	6.300024176095182
28.0	 	6.3732865180449005
29.0	 	6.190779257553326
30.0	 	6.16583905507065
31.0	 	6.225260270626418
32.0	 	6.162710174687299
33.0	 	6.096362423767347
34.0	 	6.151746098339727
35.0	 	6.039362301472109
36.0	 	5.946425030985292
37.0	 	5.908137682369731
38.0	 	5.791221252023055
39.0	 	5.67596499820642
40.0	 	5.557874994614506
41.0	 	5.431050691279314
42.0	 	5.342724337051007
43.0	 	5.296952699562972
44.0	 	5.140255346214443
45.0	 	5.033048315908097
46.0	 	4.908026742979876
47.0	 	4.805204723571321
48.0	 	4.6281253161956775
49.0	 	4.576808356107864
50.0	 	4.720308353599799
51.0	 	4.635309472547836
52.0	 	4.541989350580333
53.0	 	4.429438041498745
54.0	 	4.525223210749793
55.0	 	4.442247313919097
56.0	 	4.425847201476422
57.0	 	4.330141262397222
58.0	 	4.1649339513576615
59.0	 	4.088042162372078
60.0	 	4.047712683488687
61.0	 	3.9908545579502324
62.0	 	3.9901149715111432
63.0	 	3.9013818624237824
64.0	 	3.7431012495478884
65.0	 	3.7298518532797513
66.0	 	3.744924352578061
67.0	 	3.7202072916891638
68.0	 	3.6964862840856125
69.0	 	3.7583179434026652
70.0	 	3.6449445419248674
71.0	 	3.472270222100197
72.0	 	3.4307241478272323
73.0	 	3.339890729886405
74.0	 	3.4180917606664507
75.0	 	3.3386599338607126
76.0	 	3.244447974948111
77.0	 	3.28817221396563
78.0	 	3.3934941980518385
79.0	 	3.4402985761765374
80.0	 	3.5574302330238496
81.0	 	3.4822082222781066
82.0	 	3.518338918725063
83.0	 	3.532405280721379
84.0	 	3.6389140070315524
85.0	 	3.764936903217736
86.0	 	3.757687549916394
87.0	 	3.7619290188977823
88.0	 	3.7589130640265345
89.0	 	3.8396059536716054
90.0	 	3.787260691194495
91.0	 	3.8629502073635016
92.0	 	3.9374806366546493
93.0	 	3.9291586133939576
94.0	 	4.044191108619292
95.0	 	3.9200510975860605
96.0	 	3.8819469925554557
97.0	 	3.9385883979598137
98.0	 	3.7907456201633254
99.0	 	3.7146548421371617
100.0	 	3.7421256965239724
101.0	 	3.7202625807290755
102.0	 	3.79101581843294
103.0	 	3.889333394934173
104.0	 	3.8734887025217044
105.0	 	3.857214440957426
106.0	 	3.835577461561161
107.0	 	3.895084100142395
108.0	 	3.9333101220549773
109.0	 	3.9594042348406644
110.0	 	3.9941186552067967
111.0	 	4.101575059145045
112.0	 	4.1547787806792815
113.0	 	4.15294893494103
114.0	 	4.3160367705255185
115.0	 	4.415359246523726
116.0	 	4.454079523141574
117.0	 	4.527320731289973
118.0	 	4.574004139091078
119.0	 	4.671057379519712
120.0	 	4.725443267905563
121.0	 	4.755514265110129
122.0	 	4.765502456221323
123.0	 	4.8705095029780745
124.0	 	4.7891657797675595
125.0	 	4.802182586215775
126.0	 	4.7673259582741405
127.0	 	4.784895371731075
128.0	 	4.767595249969856
129.0	 	4.72974192796911
130.0	 	4.703053352306624
131.0	 	4.504823558895214
132.0	 	4.504088575033161
133.0	 	4.412445173132468
134.0	 	4.36348849437218
135.0	 	4.293389319139216
136.0	 	4.154936415519395
137.0	 	4.053424095553095
138.0	 	4.030069800064304
139.0	 	3.89720119202179
140.0	 	3.8942569833158864
141.0	 	3.8197003329770016
142.0	 	3.8212484096587556
143.0	 	3.7353763543398584
144.0	 	3.6018585999092276
145.0	 	3.5701651491064204
146.0	 	3.486835151812569
147.0	 	3.4715047624654494
148.0	 	3.279070994356385
149.0	 	3.2015278917686096
150.0	 	3.160316167239092
151.0	 	3.1135819818532395
152.0	 	3.177545343933281
153.0	 	3.0922332529942516
154.0	 	3.044137379368632
155.0	 	2.9819108244181507
156.0	 	2.821023100674226
157.0	 	2.6593472475589337
158.0	 	2.657957633180767
159.0	 	2.584971679044069
160.0	 	2.490073486083014
161.0	 	2.4384119345746487
162.0	 	2.2198706318484374
163.0	 	2.0932616618835436
164.0	 	2.1547998544363125
165.0	 	2.206268932050176
166.0	 	2.1755956175496265
167.0	 	2.1361024441423817
168.0	 	1.9905146952014512
169.0	 	2.0718516290529303
170.0	 	2.0256367897411085
171.0	 	1.9814168817738371
172.0	 	1.9413834518924407
173.0	 	1.9649461878594785
174.0	 	2.050411469089905
175.0	 	2.008474368851294
176.0	 	2.0370370545462024
177.0	 	2.0029212511580967
178.0	 	2.0683470249438507
179.0	 	2.1186049377162477
180.0	 	2.0371532440501046
181.0	 	2.1104264787280664
182.0	 	1.9819465737918294
183.0	 	2.0938821662512797
184.0	 	2.1240066026391293
185.0	 	2.077059739997186
186.0	 	1.9618233652672037
187.0	 	1.98377471942457
188.0	 	2.0529873449519127
189.0	 	2.0780031122341627
190.0	 	2.093703980119108
191.0	 	2.179766773210257
192.0	 	2.211088906153498
193.0	 	2.2926276381822888
194.0	 	2.258400255215009
195.0	 	2.157947100347493
196.0	 	2.1833641907791748
197.0	 	2.176066782039637
198.0	 	2.2797499467503837
199.0	 	2.3495669222462867
200.0	 	2.3573506529177086
201.0	 	2.3687586746828604
202.0	 	2.470526149546926
203.0	 	2.6245665300203966
204.0	 	2.7254640840543156
205.0	 	2.8489571168421652
206.0	 	2.7813154910657283
207.0	 	3.0080706552757452
208.0	 	3.0753611651978003
209.0	 	3.1232112895634945
210.0	 	3.222365030845027
211.0	 	3.2098525601069836
212.0	 	3.2032707654104526
213.0	 	3.16981425763961
214.0	 	3.193397950299147
215.0	 	3.221766914102484
216.0	 	3.2252939792901385
217.0	 	3.290220193739437
218.0	 	3.3063979710388187
219.0	 	3.2931514017333505
220.0	 	3.261672951088288
221.0	 	3.2434303888007876
222.0	 	3.3013625419460038
223.0	 	3.129197092163955
224.0	 	3.094028405742579
225.0	 	3.088347962259709
226.0	 	3.0350247353985793
227.0	 	3.0522875312508337
228.0	 	2.9555659508992895
229.0	 	2.904101361523449
230.0	 	2.832543954717844
231.0	 	2.936306625765434
232.0	 	2.934251123103257
233.0	 	2.918336590337318
234.0	 	3.077165321708628
235.0	 	3.0039152229831556
236.0	 	2.9589531826257747
237.0	 	2.9934781980829532
238.0	 	2.997847878402441
239.0	 	2.976796514533706
240.0	 	3.0385576837525106
241.0	 	3.0659590307530324
242.0	 	3.0948615121065997
243.0	 	3.1938701140110846
244.0	 	3.3390477519861315
245.0	 	3.313418691448391
246.0	 	3.2983525933285014
247.0	 	3.2274749253172708
248.0	 	3.238554133728706
249.0	 	3.1098707886286165
250.0	 	3.1298784524898626
251.0	 	3.1175207667219107
252.0	 	3.0153740087581684
253.0	 	3.028838935608297
254.0	 	2.8719105039510078
255.0	 	2.5986087171103853
256.0	 	2.4989585334613196
257.0	 	2.5244614692614085
258.0	 	2.3453062155306448
259.0	 	2.2351202462600748
260.0	 	2.138869132704778
261.0	 	2.000564937852748
262.0	 	1.9347497372566105
263.0	 	1.9392750427180867
264.0	 	1.801702547794438
265.0	 	1.7427063356446562
266.0	 	1.672161354750484
267.0	 	1.4921576637051437
268.0	 	1.5309846576598005
269.0	 	1.558184114826415
270.0	 	1.5930756584675834
271.0	 	1.5577128684648334
272.0	 	1.5200329920518207
273.0	 	1.5690178816340716
274.0	 	1.4859884623199593
275.0	 	1.5997097453268074
276.0	 	1.5527880596888688
277.0	 	1.6128969092810073
278.0	 	1.5346724776428569
279.0	 	1.5666745646836575
280.0	 	1.6926133877877267
281.0	 	1.6770973753120642
282.0	 	1.7534617402694628
283.0	 	1.6647923928991804
284.0	 	1.66406431619299
285.0	 	1.6503683293416889
286.0	 	1.6355047892238261
287.0	 	1.7587774626777049
288.0	 	1.8976255528104007
289.0	 	1.8877864478005084
290.0	 	1.7689865679746888
291.0	 	1.685712261151439
292.0	 	1.4974174627769543
293.0	 	1.3885795093801696
294.0	 	1.2563191324417853
295.0	 	1.1918554131718941
296.0	 	1.0268711330910418
297.0	 	1.1019186403502714
298.0	 	0.9663010532508426
299.0	 	0.9374182927501502
300.0	 	0.9773721598034993
301.0	 	0.805679290259317
302.0	 	0.8742455807826277
303.0	 	0.819310365626198
304.0	 	0.8348731987477583
305.0	 	0.6981709730374146
306.0	 	0.6250775998381253
307.0	 	0.5618533113961302
308.0	 	0.3944752567123
309.0	 	0.30783575114898154
310.0	 	0.2193992636512602
311.0	 	0.20546389390474665
312.0	 	0.20797776775889323
313.0	 	0.3009154903626017
314.0	 	0.33252446296629234
315.0	 	0.1383055553166537
316.0	 	0.12939735037849212
317.0	 	0.14708781137728985
318.0	 	0.18148196179676762
319.0	 	0.190908793470504
320.0	 	0.14345539300628457
321.0	 	0.06807085155398626
322.0	 	0.10498733099624188
323.0	 	0.0037602614216167354
324.0	 	-0.08296566472443967
325.0	 	0.044196746600255826
326.0	 	0.11138364089775658
327.0	 	0.042860627170937665
328.0	 	-0.011397279738738608
329.0	 	0.038953867225922034
330.0	 	-0.03544913242647215
331.0	 	-0.12674878406791762
332.0	 	-0.08439099793300381
333.0	 	-0.10350219966117653
334.0	 	-0.18721593960143654
335.0	 	-0.22449068576294384
336.0	 	-0.09515592998750314
337.0	 	-0.032868911808265434
338.0	 	0.06564028730948367
339.0	 	-0.08978767040425455
340.0	 	-0.06422742862209117
341.0	 	-0.044248284950357764
342.0	 	-0.09624571153185134
343.0	 	-0.25962935745853255
344.0	 	-0.3381670462712457
345.0	 	-0.38172965266216186
346.0	 	-0.6033770849289295
347.0	 	-0.7431708042339399
348.0	 	-0.8202937351804637
349.0	 	-0.8940036891204448
350.0	 	-1.071641713005554
351.0	 	-1.148362126011307
352.0	 	-1.073446322706577
353.0	 	-1.1770076798756983
354.0	 	-1.2985902703754948
355.0	 	-1.3506093813209545
356.0	 	-1.4397771649644355
357.0	 	-1.5836019989098462
358.0	 	-1.756745545889596
359.0	 	-1.9134667193849162
360.0	 	-1.9275771285766325
361.0	 	-2.030277907464004
362.0	 	-2.11894303907693
363.0	 	-2.1413597621574176
364.0	 	-2.130131797708253
365.0	 	-2.0558965569171024
366.0	 	-1.9407027714401528
367.0	 	-1.949340257471447
368.0	 	-2.0066089041514785
369.0	 	-1.977459253829922
370.0	 	-1.8546323699745526
371.0	 	-1.7048719511373642
372.0	 	-1.4899770430449215
373.0	 	-1.5229089729984187
374.0	 	-1.47186138863811
375.0	 	-1.3116477323827822
376.0	 	-1.1719556272890308
377.0	 	-1.035963114791058
378.0	 	-0.8705068841638485
379.0	 	-0.7954380228313943
380.0	 	-0.6999960702267555
381.0	 	-0.6279775321021339
382.0	 	-0.5261702484496534
383.0	 	-0.37697041423616107
384.0	 	-0.29129425768423334
385.0	 	-0.1268417822175838
386.0	 	-0.034465284859567465
387.0	 	0.03315943236716214
388.0	 	0.11116576662442776
389.0	 	0.28709435393839
390.0	 	0.47942248050413233
391.0	 	0.47254567675010056
392.0	 	0.5305368434686791
393.0	 	0.5080631052924552
394.0	 	0.5491452056194139
395.0	 	0.5829988812225358
396.0	 	0.6860024920912364
397.0	 	0.7348897169636177
398.0	 	0.8235709133328918
399.0	 	0.8945413793722137
400.0	 	1.0106394655017124
401.0	 	1.0939721497357988
402.0	 	1.2761304133355795
403.0	 	1.3973714005202404
404.0	 	1.4122490529180707
405.0	 	1.3952296023016348
406.0	 	1.3571329802271712
407.0	 	1.3167959156199047
408.0	 	1.3471571219053289
409.0	 	1.4310197258923323
410.0	 	1.42405076829733
411.0	 	1.4761322515374762
412.0	 	1.5969829061719665
413.0	 	1.5380246162301976
414.0	 	1.539772003257127
415.0	 	1.6375784670094633
416.0	 	1.698376593413281
417.0	 	1.6921055641773943
418.0	 	1.6888228846104556
419.0	 	1.7160524455728403
420.0	 	1.7857255813264135
421.0	 	1.7761265166521487
422.0	 	1.7265582716811219
423.0	 	1.635999758367375
424.0	 	1.5568295359074973
425.0	 	1.585746324553389
426.0	 	1.6813210996514178
427.0	 	1.7061702848891191
428.0	 	1.7715442117977902
429.0	 	1.683179732245268
430.0	 	1.589570565100262
431.0	 	1.5623635708334394
432.0	 	1.4133939758192045
433.0	 	1.2789271235027426
434.0	 	1.383979048258357
435.0	 	1.3131429416540428
436.0	 	1.324153128321615
437.0	 	1.3164729695289616
438.0	 	1.304497758569307
439.0	 	1.313518345015905
440.0	 	1.1413959172887491
441.0	 	1.0099531109197435
442.0	 	0.9723912138253
443.0	 	0.9565980070787148
444.0	 	0.9740153949593322
445.0	 	1.0147907260536455
446.0	 	0.952240358417193
447.0	 	0.8882087409332468
448.0	 	0.8057109053670046
449.0	 	0.7063010566881435
450.0	 	0.6619145226097386
451.0	 	0.7394850874947021
452.0	 	0.681444416630666
453.0	 	0.681264907153195
454.0	 	0.5955120715951647
455.0	 	0.4574271696437333
456.0	 	0.4118655616496246
457.0	 	0.2924708791442285
458.0	 	0.19926986204428282
459.0	 	-0.016572679290086545
460.0	 	-0.08929455021156779
461.0	 	-0.03877364074910767
462.0	 	-0.13455861975968925
463.0	 	-0.18523459540379586
464.0	 	-0.23986082048405938
465.0	 	-0.27716276387523553
466.0	 	-0.3758563160150666
467.0	 	-0.46592703312971995
468.0	 	-0.4108828161261376
469.0	 	-0.4099435849136958
470.0	 	-0.501826923248974
471.0	 	-0.4782339143075096
472.0	 	-0.6053347469423046
473.0	 	-0.5804989495501631
474.0	 	-0.5492104643112755
475.0	 	-0.6035530275006508
476.0	 	-0.5988466705225499
477.0	 	-0.57396149698285
478.0	 	-0.6085301437680586
479.0	 	-0.5817256656365173
480.0	 	-0.4774669321524088
481.0	 	-0.5348588878533325
482.0	 	-0.545370372700792
483.0	 	-0.44969749600950365
484.0	 	-0.4174558709862391
485.0	 	-0.4017903442616654
486.0	 	-0.40868614917567214
487.0	 	-0.3722107215068222
488.0	 	-0.32711075970116443
489.0	 	-0.3391343856367337
490.0	 	-0.3115841664950671
491.0	 	-0.20472054477942245
492.0	 	-0.235965407215182
493.0	 	-0.16579705315338492
494.0	 	-0.1500222666382592
495.0	 	-0.16749754096120603
496.0	 	-0.017561228719438778
497.0	 	-0.0030557618474748686
498.0	 	0.011727492156795145
499.0	 	0.017308918859135915

